4
1100110010110111
0.0812041 1.02166 -0.115698 -0.482134 1.08492 -0.348479 0.0116918 1.11705 -0.571234 1.0658 1.49514 0.682689 0.344187 1.24728 -1.02913 1.56081 -0.0940012 0.0848398 1.16171 1.59833 -0.208674 0.0582786 0.112454 0.736092 -0.372717 1.31285 0.144284 -0.0222291 1.05804 -0.160861 0.0822148 0.710158 
1010000101000010
-0.494074 0.51673 0.116861 -0.0109041 1.51091 0.464408 0.248531 1.59277 -0.915579 -1.04014 0.989682 0.643045 -0.0766531 -0.0383766 -0.20917 -0.26549 1.89589 -0.138167 0.0425805 0.995006 -0.564736 1.62948 -0.429404 1.12253 0.0845856 0.492055 0.864197 0.423756 0.78881 0.631458 0.929193 0.201479 
1010000000011111
0.751026 0.895661 0.397487 1.02287 1.9652 -0.094848 0.43652 0.573466 1.36337 -0.573486 0.930776 1.2747 1.25055 0.914858 1.2058 1.36944 0.506848 1.253 1.14204 0.14325 -0.193415 0.478917 0.285141 0.365862 0.186099 0.814363 0.715435 1.4088 -0.28288 0.00510836 -0.140631 1.08114 
!
1010000011000101
-0.0424814 0.367649 1.00463 -0.0441351 1.6393 -0.394881 0.178329 0.880352 -0.257434 -0.124279 1.03622 -0.162472 0.545234 -0.293585 -0.737514 1.34877 0.166811 0.846493 1.70337 1.48802 0.0893448 -0.350719 1.14224 0.704098 -0.818408 0.597214 1.3812 1.34266 -0.0521643 -0.756188 1.05668 0.205476 
0110101100010000
0.132991 0.060034 1.12228 1.40613 -0.0195416 0.0994453 0.883512 0.915451 1.82763 0.0434358 -0.126948 1.11984 -0.357517 1.47615 0.997491 0.415767 0.416945 1.13614 0.469187 0.168105 0.0260536 1.54813 0.320885 0.641835 1.215 0.779136 0.79403 1.20351 0.409387 0.0986269 0.125708 -0.167517 
0000000110111111
-0.303816 -0.371339 1.46737 0.92986 0.186534 0.320558 0.0229612 -0.111218 0.449761 0.844196 0.741386 0.307532 -0.324207 0.390931 -0.664376 1.65437 -0.0855243 -0.377234 1.81985 1.13838 0.471521 1.13587 1.17981 0.170541 0.475762 0.964985 -0.45303 -0.710336 0.368159 -0.00101286 0.73563 0.729259 
1011101011110101
0.702059 1.32541 -0.00269037 1.63801 0.924349 1.10547 -0.560766 0.0431835 0.55573 0.0161976 0.231678 -0.0524907 0.0770009 1.65494 0.961775 0.243531 0.096064 1.35495 1.74879 0.677065 0.804925 0.204319 0.186605 0.99434 0.220587 -0.297507 1.05784 -0.365129 0.0105077 0.190192 0.918442 1.87883 
1000011010010010
0.184602 1.4485 0.220763 -0.187373 0.501401 0.30838 -0.571884 -0.704901 0.37185 -0.0276965 0.554988 -0.226311 1.3876 0.0769511 0.842657 -0.324923 1.32411 0.0925592 1.37567 0.664128 0.923241 1.15596 0.385227 -0.207494 2.02206 0.695735 -0.165057 0.984471 1.15515 -0.327651 0.989491 0.602347 
1110111101001100
-0.231795 0.882969 1.6868 1.27321 1.79482 -0.263641 0.819961 0.980581 0.237826 0.297202 -0.306598 0.735591 -0.385743 -0.781897 1.13814 -0.472974 0.133267 1.08099 1.48581 -0.126143 0.658859 1.27808 0.569281 1.38693 0.587756 0.375452 0.0831603 -0.00379157 -0.131922 0.694493 -0.139775 -0.176343 
1100011110001111
0.206071 -0.00391716 1.03467 1.12176 -0.0733466 0.809335 0.291808 -0.163422 1.75141 0.201183 0.881965 -0.2205 0.558933 1.38596 0.22618 0.961161 -0.0135598 -0.435866 0.673105 0.121283 0.995206 -0.414932 -0.669503 0.223922 0.774989 0.23327 0.105467 1.15731 0.521765 0.186453 -0.160269 0.77263 
0010111010111100
1.48886 -0.507745 1.58828 -0.0613351 0.7724 -0.185192 -0.218567 0.292355 -0.430444 -0.0683118 1.18132 1.45792 0.716739 0.855247 1.12987 0.0331434 -0.388748 0.226494 -0.234326 0.340345 0.744489 0.508563 0.80559 -0.0125837 0.807697 0.631036 -0.348676 1.2521 -0.0824135 1.06771 0.0777268 0.521358 
1110000101111001
1.00916 -0.0946202 -0.217753 -0.117989 0.668207 1.07203 1.10433 -0.276763 0.827194 0.892299 0.700199 1.49716 -0.137559 -0.0689899 0.936247 0.568652 -0.366363 0.172802 -0.0772149 1.02293 0.820462 0.644927 0.677117 -0.728846 1.13617 0.331599 1.07309 -0.127972 -0.492724 0.908532 1.40344 0.305079 
0110000001010011
-0.68227 -0.317577 -0.00806272 -0.134341 0.113751 -0.562585 1.19196 0.829048 -0.336915 -0.358086 0.0988795 0.024492 0.221413 0.06503 0.893938 0.9804 0.390011 1.59377 1.40069 -0.222925 -0.250275 1.27207 0.162759 0.61651 -0.529642 1.21542 1.41595 -0.492062 0.140204 0.8234 -0.0544693 1.28811 
1110101100101000
0.502273 -0.915768 0.109487 0.554639 1.37477 -0.563163 1.32942 1.16629 1.24858 -0.0539786 0.991128 1.15338 0.665378 0.789786 0.830803 0.430531 0.285327 -0.103853 -0.178047 -0.402446 0.752503 1.43689 0.125371 0.946294 -0.458645 -0.566082 1.25462 -0.0349823 0.794547 0.0639597 -0.515947 0.0858893 
1001010110100110
0.265759 0.701875 2.14683 0.737328 1.15726 -0.407868 0.946555 -0.80252 -0.18911 0.306361 0.307376 -0.171886 1.21284 0.0292082 -0.090566 0.324844 0.0169517 1.64693 1.20683 1.92535 -0.590296 0.802399 1.2913 1.0497 0.475897 0.919326 -0.194513 -0.23423 -0.573592 0.837799 0.496598 -0.0463406 
1001000101011100
0.959421 0.508486 -0.573313 -0.400263 0.261933 0.658239 1.21172 -0.616631 0.00510725 1.11786 0.642352 0.970611 0.862661 1.12294 0.845797 1.34633 1.16144 -0.237837 0.295949 0.589524 0.798685 -0.499455 1.37617 0.983684 1.02664 0.914325 0.808238 0.833337 -0.480169 0.895818 -0.806525 0.0422877 
!
0001000111101011
0.433954 0.190691 0.88009 1.27747 1.47461 1.05189 -0.494555 1.39495 1.16619 1.70565 0.295668 0.393853 0.279274 0.0924245 1.07677 -0.566726 1.11109 1.2526 0.399052 -0.201669 0.123012 0.228042 0.690584 -0.00358659 0.601901 0.0310412 1.13173 0.805415 0.304354 1.611 -0.796289 1.36933 
1101101001001111
0.400908 1.68002 -0.0576044 -0.432728 0.517717 0.471024 -0.0443925 0.383071 0.277374 0.265431 0.0863038 0.915191 -0.129549 0.176233 1.43702 -0.710113 1.02033 -0.747272 -0.32602 0.181905 1.11156 -0.0411394 1.38271 1.51941 1.29891 1.07171 -0.0114444 0.819618 -0.190411 -0.0173712 0.14095 0.300251 
0011100011100110
0.235264 -0.0140723 1.02396 0.428998 -0.310107 0.771615 0.682052 0.538293 0.785925 1.38301 0.0975229 0.888238 -0.41004 0.280111 1.21961 2.12585 -0.228233 0.794251 1.23319 0.687913 0.379811 1.45016 1.41765 -0.608815 1.15911 -0.1903 0.220449 0.682369 -0.0210161 1.42273 0.703434 0.0126075 
0101000010111000
0.569331 1.00001 0.105336 -0.0532309 0.744708 -0.109678 0.707095 0.68939 0.164285 1.41802 0.550111 -0.0891374 1.15196 0.521029 0.836157 0.984766 -0.19882 0.700143 -0.246002 0.793458 1.00308 0.651224 0.536943 0.511167 -0.259078 1.34125 -0.440892 1.23021 1.17882 0.0394152 -0.209704 -0.306583 
0011011100010100
1.44559 1.04196 1.25125 1.24717 0.420803 -0.167971 -0.670522 0.262173 1.02803 0.913494 1.26453 0.0540956 0.829924 0.090908 -0.0422658 1.56686 1.4003 -0.0228141 1.05059 0.635101 0.668791 1.07292 0.214242 0.93462 -0.0227962 0.38085 0.787226 1.33083 0.573423 0.597194 -0.513647 0.567369 
0011110001011111
-0.815309 0.752642 0.164348 -0.0807123 0.849148 -0.255396 -0.114268 -0.639416 0.819968 0.933244 0.690283 0.78129 0.891554 0.195681 0.220721 -0.111521 0.157322 -0.188168 0.13315 1.26749 1.3919 0.980931 -0.382754 1.04378 0.103028 -0.306013 1.1842 0.199875 0.0362307 0.367947 -0.591476 0.791856 
1111001001110011
0.163148 0.0773239 0.681562 -0.474406 0.0958233 1.23086 1.04954 -0.0399054 0.83845 0.168925 0.703639 0.00230762 1.50314 0.702857 0.0874749 -0.340596 -0.193591 1.05118 1.31773 0.60623 1.36038 1.22572 0.726227 0.83223 0.676993 1.44347 0.0582674 -0.328954 -0.0227147 0.640978 0.00667694 0.832113 
1101011111100001
-0.696787 0.811466 -0.537578 0.343466 0.552736 0.979776 0.208945 1.05785 0.818456 0.658512 0.0126991 1.17629 0.964965 1.28621 -0.0486301 -0.028502 1.22541 0.256045 -0.00435156 0.15711 -0.0593321 0.897682 1.63323 -0.411985 0.333817 -0.0207414 0.356035 1.17163 1.09571 1.02343 1.48471 0.611987 
0100011010101101
0.249479 -0.0172271 1.13972 1.52879 -0.129444 -0.248637 0.188071 1.52626 0.434566 0.957241 0.131557 0.941071 0.270209 1.39683 1.40092 1.13075 1.27194 0.872397 0.836836 1.24954 0.977891 1.62309 -0.173136 1.1124 1.12038 0.475523 0.251902 1.6173 1.5222 -0.283609 1.51959 0.205356 
1010100110001110
-0.258662 -0.131388 1.35939 0.884403 1.08094 -0.00497085 0.866505 1.79228 -0.366935 -0.332827 0.806293 1.172 0.171083 1.17931 0.199852 -0.176546 0.0682509 0.817954 0.972725 0.63805 0.0536619 -0.201062 -0.755481 1.35397 0.685172 1.46503 0.648712 -0.201936 0.861657 0.716078 0.809611 0.0225338 
0010110011000110
1.03136 -0.0996081 1.27348 1.33475 0.19325 0.436308 0.10518 0.276826 1.23526 -0.243466 -0.243775 0.111225 0.892684 0.936054 0.798332 -0.68259 0.0434756 0.0777156 -0.0232775 0.844818 -0.189986 -0.253763 1.35433 -0.161274 0.85677 0.0199232 1.01596 -0.22462 0.406036 0.936765 0.821652 -0.151075 
0000110111000000
0.615265 0.621842 -0.123755 -0.925596 -0.113416 -0.0284685 0.986208 1.23124 0.375187 0.160607 -0.229574 0.427203 -0.645532 -0.154411 -0.123807 0.165194 1.38226 -0.467963 -0.283923 0.0892131 0.0890058 -0.194128 0.753556 1.51144 -0.125242 0.755358 0.301953 -0.500892 0.423778 -0.0221245 0.103175 -0.223086 
0100001110110101
0.505194 1.84848 0.916668 1.40098 1.56092 0.160178 0.795528 -0.546603 0.322558 -0.171826 1.39382 0.361584 0.577405 1.13706 1.26551 0.883843 0.354485 0.217678 1.66943 0.621886 -0.0733887 1.37295 0.586517 0.357118 1.10172 1.06303 1.30595 -0.446633 -0.315373 0.369887 0.822557 0.391352 
0100011001110001
0.97298 1.01312 -0.355461 0.457307 0.221604 1.4156 0.396927 0.993737 1.42174 0.0772204 1.16043 -0.1319 -0.1601 0.0901431 0.520012 0.97927 0.172749 -0.817036 -0.162331 0.371168 1.25416 -0.416434 0.324245 1.15508 0.199528 1.25745 0.647187 -0.191218 1.26064 1.14468 0.504254 0.746805 
0101011100000101
0.881633 0.180384 -0.260083 1.06369 0.336035 0.183879 -0.250555 0.826128 -0.0034157 0.316786 -0.206037 0.0731636 -0.529117 0.284324 0.0955081 -0.0876753 0.874731 0.313294 1.02544 0.17892 0.974872 0.219179 1.24649 0.138412 0.19985 0.372106 0.765491 1.19614 -0.0322749 0.10162 1.02045 0.918432 
0110010100001010
0.367619 1.13573 0.927385 0.904867 -0.247509 1.21544 1.61424 0.984746 -0.282873 1.10928 -0.213037 0.108001 -0.298555 1.04359 0.0589474 0.206092 0.0163688 0.144566 0.115603 0.536754 -0.160634 -0.41793 -0.0648103 1.12518 -0.140652 -0.075089 1.20845 0.150994 0.0939637 -0.0218347 0.782516 -0.268309 
0101011000000101
-0.095557 0.734944 1.29606 0.203598 0.655287 0.899935 0.694698 -0.751733 0.254978 -0.552216 0.125139 0.543724 -0.183339 0.438805 0.372413 -0.36068 0.120991 0.872679 0.150767 0.779413 0.65422 0.718898 -0.297117 0.568679 -0.672553 0.342769 0.606547 1.28294 0.209102 -0.267171 0.755373 0.771108 
1010101011111101
0.67842 -0.358819 0.716543 -0.00901169 0.67858 0.306956 0.378905 0.858628 1.25666 0.847578 0.94607 0.813268 0.168824 0.345864 0.144516 1.19283 0.577832 1.09979 0.719228 1.25718 -0.489905 -1.0794 -0.14368 0.943578 1.82921 0.255706 1.36143 -0.117052 0.811183 0.281169 0.912442 1.37846 
1000001011010011
1.43474 0.296005 0.916124 1.09385 0.88976 1.23449 1.40949 1.20379 -0.185047 -0.227462 -0.0487855 0.672949 0.431371 0.459439 0.0394995 0.686275 0.0580317 0.900054 0.709472 0.235557 0.982814 0.590843 0.514241 0.6341 0.892588 1.02555 1.51275 0.540151 -0.587129 1.22584 0.0512833 1.09075 
0101010111000111
1.21398 1.28264 0.728698 0.933017 0.915459 -0.0575148 0.0659936 0.794227 1.15393 1.24963 0.415756 0.888269 0.708239 0.0134943 1.01876 -0.228258 1.06955 1.08375 0.604435 0.144177 1.04678 0.0523872 1.64406 -0.216722 0.534803 0.751938 -0.118591 0.998826 1.117 0.115948 0.361881 1.30285 
0001110100101011
-0.142872 0.887677 0.162506 0.0265272 -0.511812 -0.0349002 0.420248 1.54651 1.15809 0.202666 0.521182 -0.0555608 0.35863 0.307614 1.59025 -0.33378 1.26696 -0.137331 0.581863 1.02512 0.990618 0.619219 1.18164 -0.061341 -0.165572 1.08682 1.38594 0.944256 1.62633 1.07375 -0.48881 1.28877 
1100011010011101
0.589289 -0.27445 -0.752551 0.993356 0.41117 0.202282 0.0811285 0.448541 0.60194 0.696862 0.824762 1.55017 -0.653956 0.704168 0.989605 1.34256 1.34139 0.0395103 1.0915 0.0844523 1.05351 0.959625 0.344531 1.48128 1.29464 0.553305 -0.54847 -0.087658 0.294537 -0.190211 1.29211 0.867274 
1111010111110111
1.05282 1.48324 -0.113525 1.00172 0.145833 -0.223961 2.08178 0.507617 1.51313 1.03533 1.64092 0.448993 0.305693 0.567606 -0.0728882 0.44794 0.62021 -0.0272007 1.36704 1.17708 1.26282 0.447658 0.614946 0.611819 0.536118 -0.467451 0.737427 0.0927051 0.966238 0.250359 0.963989 0.616774 
0111001111000001
-0.395779 0.690854 0.703674 1.65701 0.251864 0.680376 0.48708 0.970551 0.689033 0.250219 0.782177 0.272632 0.0562209 1.13049 1.01159 0.128417 0.702325 0.797789 0.968755 0.127147 2.11423 -0.796242 1.82276 0.0838894 1.53939 -0.190497 1.15776 1.31347 1.00931 0.404234 0.761911 1.2039 
1111100100011100
1.03412 1.40366 -0.127198 1.44539 0.151725 0.428147 1.31701 0.313787 1.11624 1.0713 -0.29898 0.065492 1.63847 1.04662 0.442049 1.45422 1.28533 0.190352 1.26325 0.856492 0.950869 0.0985418 1.21473 1.09925 0.816897 -0.189966 0.989847 1.04587 0.21624 0.796496 -0.17759 -0.683226 
1110101011000101
0.999754 0.351547 0.755778 1.01826 1.43707 1.08682 0.745946 1.01267 1.11868 1.08523 0.920696 -0.304465 0.26579 0.941093 -0.363501 0.842653 0.423922 0.166391 1.0597 -0.635489 1.10848 0.559088 0.0654157 1.25356 -0.210742 1.50098 1.16456 1.58014 -0.332806 0.504584 1.41855 0.771806 
1001010010000111
1.16345 1.07882 0.423314 0.823634 0.681052 0.0461079 0.435162 0.039006 -0.520928 -0.386581 -0.0253706 0.760899 0.0500049 -0.0823722 0.404042 0.198602 0.542953 0.701971 -0.225296 0.956161 -0.157065 1.45792 -0.598997 1.41631 0.038329 -0.624991 0.427794 0.799564 1.47557 0.333863 0.2455 1.7008 
1010100101101100
-0.0184782 1.0125 0.546404 1.95727 0.0130675 -0.194723 -0.711962 0.878608 -0.317867 1.3334 0.800671 1.35107 1.20687 1.09176 0.70191 -0.292997 -0.177491 0.0936831 1.07332 0.094632 1.36061 0.355741 0.632543 1.19518 0.318772 0.456445 1.86242 0.388515 0.0570914 1.03665 0.0269597 -0.0784514 
1101110010101000
0.656182 1.01306 0.0233797 1.31723 0.454274 0.997247 1.1386 1.82458 -0.406476 1.17596 0.955309 0.183814 0.761781 0.0329314 0.894727 0.712729 0.916193 0.381125 0.406429 0.75676 -0.0462993 0.785245 -0.156488 0.428299 0.788123 0.00390732 1.16245 0.367835 1.90724 -0.223752 0.383883 0.28312 
0000000101101100
1.12268 0.547966 -0.245169 1.26457 0.79124 -0.0655125 1.52493 1.35303 0.238289 0.0337045 1.42912 -0.0728193 0.32064 1.80152 -0.209663 -0.0215877 1.42142 0.706721 0.200777 0.929325 0.757118 -0.379624 1.15922 0.989452 -0.559551 -0.164984 1.51168 -0.700663 -0.09488 0.598086 0.354802 0.0158499 
0110000100111111
0.868193 0.736998 0.272012 0.91211 1.06 0.472664 -0.463241 -0.837832 0.281252 -0.0874605 0.803652 -0.665197 0.302902 0.685616 0.869079 0.705597 1.58332 0.466018 0.850277 1.27156 0.757367 0.999089 0.894707 0.666178 -0.135384 0.597459 -0.356558 -0.0766316 0.121972 0.295957 -0.215366 0.161706 
1100110100101111
-0.241185 1.08554 -0.142701 -0.023881 1.07039 1.07676 0.270376 -0.57449 1.22157 -0.496812 -0.355879 0.0590554 1.49939 1.34366 0.549361 1.07403 -0.274587 0.955067 1.06877 1.1129 -0.663758 -0.0964316 2.0515 -0.182836 1.0858 -0.282937 1.14002 1.38698 0.496104 -0.199221 -0.207308 1.1334 
1110110111000100
0.727507 0.904445 -0.493571 0.798823 1.18415 -0.558553 -0.344391 0.993021 0.147809 0.527419 -0.0825608 0.582936 0.956288 0.0469141 0.89456 -0.503079 -0.200774 1.3007 0.0649835 0.162618 0.797517 1.90867 1.03777 1.47178 1.28593 -0.135204 -0.687803 -0.0263409 0.731583 0.669289 0.492506 -0.0914539 
1010111110100110
-0.160405 0.588675 0.699829 1.10389 -0.382839 0.323522 -0.192702 0.997523 -0.11502 0.356378 0.521743 1.37048 0.676939 1.26798 -0.154956 0.572552 0.0953599 0.413623 0.911558 0.141295 1.00818 1.54944 0.789805 1.2877 -0.182488 0.962644 0.368548 -0.499465 -0.285162 1.05157 1.1813 0.415618 
0001111110101000
-0.0520753 0.0376202 1.01476 0.532816 1.4636 0.974696 1.12498 -0.443116 0.318566 1.47897 -0.107926 1.26381 -0.329589 0.844058 1.25355 1.1632 0.853358 0.962892 0.327936 0.320009 -0.302142 -0.935173 0.24011 0.94832 0.962752 0.285014 0.540489 -0.0562308 1.1478 0.147918 -0.0929075 0.0520663 
0001001111000001
0.463215 -0.114481 0.372665 0.771568 -0.207938 0.936408 -0.180394 1.21088 -0.0270414 1.17815 0.327834 -0.307177 0.0298912 0.00127265 -0.147405 0.0991748 0.779016 1.03074 0.647673 0.240474 0.634236 0.187246 0.774108 0.308629 1.29479 0.560907 1.09857 0.822797 0.853806 1.14938 1.30477 1.46776 
1011001110010011
1.36763 1.45453 0.496271 1.22655 0.342722 0.911117 0.217613 0.675411 0.863335 0.0393874 0.356487 -0.00390053 -0.132064 0.360733 -0.277163 0.054114 0.486182 1.12717 1.04668 1.02893 0.469604 -0.152632 0.0977768 -0.812385 -0.0758827 0.486563 0.383128 -0.158756 -0.129419 1.02393 0.582122 0.946249 
1011010100011011
1.60837 0.0717168 0.949387 1.32057 1.48337 -0.204375 1.28139 1.23216 1.48215 0.243497 0.283242 -0.103015 1.1825 0.835232 0.344105 -0.208594 0.21112 0.124618 0.284622 0.897819 1.62679 1.21073 1.19148 0.2531 0.388057 0.358565 0.122994 -0.0681713 1.00284 1.43453 0.684442 0.906255 
1010110010001101
-0.101953 0.733219 0.548937 0.842341 0.816844 0.98317 0.240173 1.00518 -0.176794 1.1706 0.663094 0.00787431 -0.136628 0.143843 -0.182175 1.30445 0.282787 0.051562 -0.209423 0.0778124 0.13994 1.05128 1.35507 1.13689 0.344509 0.00496703 1.73572 1.51212 1.08336 0.00562075 0.687968 1.44661 
1010011111011111
-0.106116 1.28093 1.46729 0.264686 0.0147829 0.11186 1.08594 0.19338 0.868862 0.916295 1.64323 0.97712 1.00987 0.158169 1.32955 1.00055 0.497075 0.132318 0.389144 0.429454 0.946083 -0.32193 0.596943 0.080288 1.22203 0.240441 0.973345 -0.0503336 0.3418 -0.0146929 0.377558 0.933194 
0100110011101110
1.30651 0.946344 1.32598 1.25069 0.806657 0.8274 0.0430883 -0.0130472 0.716538 1.36368 0.730599 0.0431886 -0.590841 -0.0407369 0.904895 -0.11869 -0.713965 -0.86675 1.05118 0.650709 0.108503 0.320118 1.16752 -0.197436 0.268943 -0.352064 -0.0222149 0.309663 0.773226 1.04281 1.11871 0.0404958 
1110101111010010
0.878675 0.0385632 2.40007 0.0695022 1.29531 -0.110967 0.142445 0.784963 1.67401 0.369697 0.282822 0.0152387 0.175155 0.914933 -0.304602 0.119546 1.28056 -0.251016 1.56201 1.31029 1.00192 0.272938 1.79999 1.54616 0.208992 -0.386759 0.32516 0.411589 1.02865 -0.068086 1.23196 0.273071 
1000101001100111
0.0257949 0.657775 -0.058932 1.87935 -0.310327 0.0834993 1.22339 0.649585 -0.191812 0.590709 -0.170882 -0.147452 1.21392 -0.535192 -0.297636 0.898902 1.40967 -0.568285 0.78573 0.203881 -0.0404557 0.684283 0.87318 0.757401 0.792724 1.11932 0.789599 1.16482 1.0881 -0.118019 0.0572163 1.44708 
0011111110111100
1.40891 -0.453946 1.35153 0.511429 0.822405 -0.0934626 -0.500764 -0.55226 0.87222 1.4393 -0.212014 0.0526465 -0.120484 0.98744 -0.317747 1.01844 1.18838 0.829236 1.6112 1.13074 1.30967 1.25769 -0.171259 0.88704 0.935855 0.297101 0.186243 0.729656 0.653899 0.885916 -0.1153 0.0788108 
1100111100111110
0.841872 0.951806 0.267123 -0.385678 1.32865 0.154981 0.775846 1.03412 1.01488 0.489243 -0.190238 -0.320723 0.685224 0.213796 1.02801 0.345821 0.950434 1.97264 0.0639363 0.378765 0.653899 1.23975 1.23513 1.56617 0.88753 -0.303948 1.43817 1.49659 0.0132987 0.926544 0.384193 0.366908 
1001110011111111
-0.21683 -0.116788 0.624217 0.316412 0.0815205 0.322643 0.695441 0.0955606 -0.34858 0.193133 -0.0697907 -0.150703 1.27057 1.48311 0.908177 -0.606379 -0.631988 0.857452 1.38584 1.10277 0.973228 1.84904 -0.0122065 0.923222 0.390688 0.204358 -0.0620103 0.584452 -0.1947 0.186733 0.0280156 1.01218 
1111101001111000
-0.62746 0.00836307 1.24108 -0.304731 0.842615 0.0375971 1.27147 0.271653 -0.136492 1.00262 1.29305 0.897081 0.277621 -0.328118 0.187679 0.692622 0.53373 0.782332 -0.41051 -0.27125 0.363665 -0.15245 0.690444 -0.179543 0.0818027 -0.647619 0.145554 0.99296 0.83278 0.0813726 0.105578 0.0581887 
1000101100110110
0.377913 1.04599 0.632005 0.13492 0.215384 0.53954 1.21996 1.03685 0.831979 1.27555 0.308065 0.0329667 -0.533409 0.90123 1.18299 0.596207 1.48849 -0.182676 0.190744 1.2684 -0.0905733 0.809256 1.03457 1.09482 -0.351995 -0.0125324 0.96436 0.949658 0.104962 0.270236 1.55631 -0.112795 
!
0111111101011110
0.290822 0.0930531 0.755524 -0.341285 -0.208974 -0.172077 -0.592674 1.50972 1.29346 0.0362351 0.839599 0.873091 0.204336 0.742216 0.640675 0.612472 -0.43257 1.37077 -0.6332 -0.0264062 0.998461 -0.24968 -0.227721 -0.24111 0.204308 0.840665 -0.0609801 0.865323 1.18949 1.05719 1.18991 -0.111166 
0110111010110001
1.31501 -0.328694 1.561 0.153094 0.675798 1.52977 0.71534 0.716912 -0.303272 0.655984 1.20886 -0.511753 0.668732 0.721926 0.262526 -0.0298515 -0.18092 1.05292 0.988516 -0.198565 0.476258 1.31185 -0.582085 -0.143828 1.33748 0.355793 1.4263 0.513446 0.842355 1.15823 0.697659 1.2039 
1011011000001101
-0.0643268 -0.102796 -0.421864 1.32288 0.541063 0.751683 1.46434 0.421775 1.20829 0.969494 -0.073517 1.32077 0.957052 0.884542 -0.131062 0.769286 0.542171 -0.370104 -0.128282 0.148935 -0.360821 1.034 1.0872 0.863758 1.2073 -0.111123 0.576544 0.981057 0.297413 -0.299371 1.27788 0.559534 
0101010110101101
0.840763 0.630563 1.43263 -0.480074 0.220329 1.41677 0.113723 -0.244245 0.290137 0.395004 -0.645332 -0.0518808 0.179321 -0.767079 0.259861 1.53298 0.564629 -0.139677 1.31887 0.818738 0.929209 0.835865 0.69479 0.321388 -0.409702 0.346822 -0.229175 1.10759 1.46019 -0.0605783 0.884305 1.0545 
1110000001101010
0.520919 -0.0622372 0.208374 -0.348819 0.0595814 0.28762 0.0607374 0.614948 -0.336327 0.392067 0.577033 1.20173 1.18883 1.1777 1.2761 0.366285 -0.32308 0.944571 -0.57825 -0.00988436 0.524121 -0.222784 1.16911 0.0470693 0.531247 1.22971 -0.356001 -0.0517805 0.302597 0.223942 0.954529 0.668673 
1101100110011110
0.14337 -0.112371 0.267829 1.21822 -0.326045 0.919353 -0.327125 0.637587 1.24407 -0.193585 1.08892 1.06324 1.10512 -0.0535519 0.871213 1.25021 -0.397645 1.10743 -0.161922 0.303759 1.1804 -0.108465 1.39058 0.897154 0.418823 -0.429314 0.0833321 1.71826 1.20582 0.861477 0.764959 -0.0347664 
1000000010011101
0.571005 0.577178 -0.0667794 0.0351133 0.610521 -0.0123724 0.586554 0.705223 0.348365 0.315017 0.132368 0.0379772 1.00399 0.309039 0.821035 1.03194 0.85508 -0.424652 0.756739 1.22812 -0.146377 1.20707 0.318632 -0.525179 -0.343843 1.34902 0.190987 -0.192105 0.880903 0.279141 0.900212 1.24306 
0001110100100110
1.27159 1.09021 -0.0510612 -0.47145 0.723995 -0.23707 0.010215 1.75109 1.70831 0.0505301 -0.267708 1.10046 -0.0542068 -0.59874 0.511027 1.00479 0.902756 -0.0963231 0.0978718 0.522717 0.814286 0.908187 -0.126674 -0.35396 0.779437 0.794356 0.105966 0.195734 0.332674 0.768187 1.51609 0.429925 
0001110111001011
0.267783 -0.027153 0.424514 0.157557 0.743796 1.43176 -0.378343 0.911099 0.251615 0.839836 0.0172891 0.691285 0.843183 0.302509 0.355844 0.366509 1.36103 -0.090803 1.05091 1.08608 0.770895 0.130207 -0.193354 0.0891657 0.00124747 0.0773603 0.0907178 1.06486 0.285353 0.756816 -0.150746 1.10172 
0010010010010111
1.4013 -0.378472 0.830224 0.0715166 0.879868 -0.616192 0.597012 -0.0217767 1.10934 -0.304484 1.07113 0.621486 -0.0788261 1.16153 0.0472566 0.870006 0.182059 1.18356 0.923458 -0.175357 0.505095 0.984945 0.491616 -0.0862262 -0.631427 1.11885 0.857396 -0.143497 1.5604 0.294599 -0.068785 0.991394 
1001110111010110
-0.131359 1.16196 0.0416074 1.39637 0.938057 0.294747 -0.236705 1.25446 -0.315554 0.150427 -0.0229324 0.461415 -0.179868 -0.311673 0.894654 1.08108 0.619098 0.692 0.715515 0.512294 -0.113912 -0.284967 0.727806 1.35412 -0.399468 0.817141 0.078848 1.57381 -0.402014 1.34606 1.22032 0.526333 
1101111010001001
0.939165 0.950174 0.733421 -0.332722 0.855349 0.908952 1.48013 -0.760957 1.24829 0.543149 0.728377 1.04269 -0.285884 -0.0370862 1.23586 -0.444279 1.22334 0.491396 1.06397 0.269875 -0.0310293 0.949551 -0.112536 -0.519632 0.0802992 1.47214 0.830174 1.11637 -0.383071 0.839158 0.969532 0.18433 
1110010000011100
0.781281 -0.367913 0.121994 -0.230941 0.384578 0.702803 0.693194 1.07718 1.35583 0.427565 0.0437895 0.231164 1.13621 -0.200835 0.260893 -0.236651 -0.0434946 1.11694 0.0975656 0.512234 -0.74107 0.478437 0.181185 -0.365351 0.534131 -0.131683 0.850072 1.00858 0.286692 1.25155 0.273815 0.340925 
0101001010110110
0.369396 0.681002 0.435192 1.41093 1.58647 0.960774 1.22039 0.371769 0.189972 0.612693 1.36118 -0.0395364 0.661822 1.3335 -0.479625 -0.13515 -0.229039 -0.480336 0.0955884 0.0427893 0.0504081 0.358716 0.628609 1.36979 -0.268954 0.234499 1.15088 0.937499 -0.460416 0.906544 1.20754 0.23984 
0011111010000101
0.892922 0.866868 1.35912 -0.171226 0.77466 0.257668 -0.159612 0.880021 1.37091 -0.238648 0.434014 -0.247368 1.16684 0.37756 0.533794 -0.00842166 0.935836 0.676991 0.806435 1.32391 -0.00907785 -0.273682 0.296568 0.100994 -0.418043 -0.0702964 0.427546 1.1115 -0.184991 0.0573699 1.36735 0.986704 
1111110000111000
1.04764 0.258837 1.23525 1.21889 1.28529 1.06928 0.449027 0.230936 1.14058 -0.0932106 1.17335 1.22032 0.0966838 0.0653015 -0.118179 0.430366 -0.346139 0.0955647 0.58064 0.431858 1.60465 -0.0108951 0.12878 -0.164086 1.39626 0.70043 0.0911325 1.27012 1.44093 0.224739 0.215273 -0.0792603 
1011101000011111
0.465628 0.840323 -0.0637803 -0.293121 1.54013 -0.0341966 1.27785 1.16227 0.32437 1.21822 0.931119 1.27533 1.16226 0.526643 0.171804 -0.00945866 -0.0830094 -0.210249 1.29289 -0.33303 0.989755 1.11847 -0.258803 1.05259 0.601789 1.45159 1.05971 0.308949 0.354402 -0.104737 0.165095 1.0777 
1001010010100111
0.400878 0.866191 0.914852 -0.48293 0.308838 0.734059 1.30291 0.591271 1.29986 -0.318028 -0.406482 0.475047 0.0262418 -0.211634 1.29582 1.06414 -0.241202 0.268354 1.55091 1.46494 -0.422342 1.09065 1.52616 -0.505401 -0.0493454 -0.297902 1.31058 0.953957 0.399061 -0.641568 0.329644 1.82425 
0001010011000110
-0.194022 0.552649 0.205875 -0.0810585 0.0990603 -0.152204 1.38351 1.07085 0.0176111 -0.253761 0.29604 0.647572 1.19279 0.765284 -0.093899 0.125794 1.02458 -0.470131 1.4001 -0.0254583 1.2506 -0.255186 0.416924 1.19688 0.839566 0.0190828 0.475406 -0.0922509 -0.132428 0.896604 1.25602 -0.476713 
1110110001001101
0.93781 0.0368659 1.16099 0.767994 -0.241589 0.85396 1.10194 0.862456 1.15089 -0.0692594 1.21596 0.876876 1.08008 0.40704 -0.181614 0.392301 0.53131 -0.12971 0.121421 -0.520151 0.64605 -0.259422 0.852553 0.887255 0.0563766 1.2638 1.22901 1.20546 0.938919 -0.300699 1.06426 1.18698 
1111101011000100
0.605501 -0.252369 1.11435 0.627288 1.14042 -0.0173332 0.160264 0.445318 -0.362097 0.967122 0.778856 0.259175 0.22782 0.920097 -0.0789236 1.20326 -0.543714 0.0736504 0.640052 0.829748 0.606157 0.730345 0.989054 0.877763 0.49725 0.196456 0.135139 -0.161461 1.23915 0.702054 0.463624 -0.11064 
0101001101010001
0.818814 1.58569 0.632424 1.32247 -0.0344892 -0.31979 1.49418 1.27927 0.600697 -0.141412 -0.0280321 0.915385 -0.754983 1.39559 0.168711 1.11971 0.676928 0.389418 0.759381 -0.123823 0.932054 0.683132 0.550107 1.11839 0.548621 1.07165 0.151096 0.277462 0.692985 1.06102 1.14381 1.36412 
0111110111111100
-0.275173 -0.787425 -0.484224 0.986683 0.644984 -0.16909 -0.478849 0.552317 0.965752 -0.102603 0.464723 1.1789 0.881245 1.18224 -0.00731659 1.14395 -0.310622 1.40374 0.373003 0.972282 0.540279 0.336335 0.586482 0.874832 1.09846 0.865016 -0.163486 0.386482 0.472985 0.629669 0.184771 0.0913045 
0000010110110010
0.133464 1.11165 -0.119738 1.20818 1.35974 0.91977 1.51818 0.413691 1.45466 1.00445 1.32292 0.963441 0.423347 -0.106295 1.24889 0.0629957 0.201939 0.779103 -0.258868 0.780942 1.37704 0.474856 1.58532 0.987797 1.41456 1.18048 1.18891 0.724665 1.48217 0.437969 0.752217 -0.173578 
1010111111011010
1.5276 -0.0201774 1.03833 0.930424 0.0864244 0.969197 1.00666 1.47376 0.638326 -0.391642 0.457152 0.184821 0.0696132 -0.0634244 0.0579504 0.585503 0.415147 1.3891 0.904465 1.1331 0.555081 -0.15864 0.905632 0.424436 0.0341773 0.533521 0.0172316 1.04058 -0.132413 -0.0880315 1.20119 -0.313601 
1110011110011010
0.375068 1.01071 1.35221 1.18318 0.383877 0.175805 -0.0412026 0.0307831 1.42678 0.879736 0.984577 -0.0628615 0.588364 1.46889 1.01657 -0.104346 0.832536 0.205462 0.971457 0.374476 1.25763 -0.0211773 1.1826 0.7542 1.05304 0.98012 -0.387425 1.01021 0.41644 -0.196688 1.39679 0.134833 
0010111001111011
0.305203 0.910625 0.624647 0.451901 -0.306471 -0.913309 0.443578 -0.456547 0.385987 1.04597 1.35149 1.19656 1.12741 0.428051 0.666781 0.31785 -0.188553 1.19215 1.03361 1.44967 -0.151159 -0.3593 -0.0744582 1.17815 0.182682 0.848427 -0.421348 -0.194256 1.43606 1.21064 -0.0183942 1.47066 
1010001100111111
-0.593629 -0.724881 -0.0785989 1.37772 0.290454 1.14922 -0.211866 -0.284755 0.565436 0.541256 0.501137 0.358759 0.747558 1.18664 0.287466 0.808106 0.0536155 0.489947 0.812249 -0.54013 0.0250755 1.23783 1.17532 1.49722 0.0664325 0.407102 -0.133617 0.453437 -0.642782 0.677752 -0.187061 0.887064 
1110010000011000
-0.025372 0.54402 0.0196995 -0.432839 0.789326 0.691716 0.890189 1.00768 -0.0790178 0.995506 0.311888 0.289537 -0.0873238 0.943489 0.100777 -0.137939 0.86507 -0.242839 -0.330729 0.0618479 1.53499 -0.0372394 0.56 -0.115845 -0.442196 0.975531 1.24088 0.964752 0.975767 0.0536472 -0.284327 0.26419 
0001010001110101
0.737362 1.04569 0.654472 0.408715 1.25896 -0.0726174 0.0819483 0.843829 -0.278085 -0.00456882 -0.106906 -0.103743 0.715531 -0.0991701 0.404977 0.419946 0.0889352 1.24875 -0.231332 1.38421 0.184866 -0.0929674 1.04772 0.890117 0.858213 -0.35005 0.880922 -0.314793 -0.534186 0.015251 1.38289 0.494313 
1000100011000011
0.165625 1.47653 0.612682 -0.216152 0.882138 0.793502 1.6973 0.0398906 -0.117157 1.49259 1.12599 -0.236421 1.41079 0.571715 0.824407 0.451283 0.119074 0.624719 0.914769 -0.0933077 1.76884 -0.0640055 1.08293 0.0678579 0.673818 0.0737767 0.22085 0.666525 0.149121 1.33096 0.252235 0.702015 
0010000100001100
-0.328564 0.0145141 0.937131 0.303109 0.494384 0.328788 1.28848 -0.175623 0.733708 -0.0929374 0.376703 0.164003 0.655958 0.341239 0.591851 0.166085 1.44427 0.753061 1.10115 -0.301387 1.2291 1.11431 1.25683 -0.270558 -0.0451479 0.90895 -0.101205 -0.125099 -0.425171 0.976513 0.348726 -0.123709 
0010100010000111
-0.101155 0.708547 0.422557 0.807366 -0.0222811 1.30005 -0.258715 1.13027 0.638149 0.064761 1.38545 0.0364203 0.713924 0.439113 0.790337 0.325709 -0.147337 0.730841 0.85236 0.226401 -0.112011 0.693148 0.559957 -0.190323 0.90473 0.0296397 0.0546684 1.33071 0.549267 0.368208 -0.647825 0.433125 
0111001010000011
0.791528 1.6773 0.279166 1.03136 0.16174 0.110568 -0.0727506 0.213625 -0.0161097 1.15982 0.0279635 0.104755 0.0375388 0.312018 1.36995 1.26509 -0.526347 1.31134 1.19012 0.490469 -0.104595 0.860658 0.721898 -0.21074 0.155677 0.608366 0.169888 1.64919 -0.498526 0.963156 -0.475107 0.864391 
1100010100100011
0.836369 -0.285804 0.754362 -0.324334 -0.0946442 -0.0730804 -0.306507 -0.301239 -0.0413598 0.613535 0.34445 -0.111649 0.130422 0.613807 0.0991064 0.700179 0.971772 -0.125899 0.833588 0.484667 0.94649 0.784085 0.7011 0.558795 1.37993 0.983792 1.00245 0.406921 -0.450957 0.725243 -0.614306 0.783444 
0100100111011100
0.335126 -0.638256 1.14437 -0.121741 0.676191 0.802796 1.7324 -0.0578732 -0.0123781 1.2508 1.58513 0.901198 1.13341 0.182414 1.15102 0.919568 -0.275075 0.332021 1.57289 -0.336645 -0.0323602 -0.109538 -0.228095 1.3295 -0.0651032 1.2901 1.31678 1.16562 -0.202405 1.29853 -0.308876 -0.372388 
1101000000011001
-0.479022 -0.526249 0.879722 0.353793 0.219179 0.595863 1.1809 0.504557 1.07449 0.66973 -0.159447 1.28003 1.23869 0.672931 -0.959939 0.628455 1.18494 -0.436265 -0.0225626 0.413682 0.459913 0.80176 1.06705 1.07157 1.24781 0.396751 -0.540566 -0.0362579 0.362763 0.634985 0.782434 1.07509 
1010110011000110
0.1001 1.28341 1.14525 -0.404694 -0.508839 1.13028 0.338141 1.31166 1.13991 0.136452 -0.091019 1.38431 -0.211811 1.13092 -0.152306 0.977223 1.56825 0.0754569 1.33716 -0.534938 0.815142 0.436948 0.0957448 1.37444 0.410598 -0.250557 1.42211 0.342623 -0.0377572 1.05214 0.943627 0.126241 
0101000100011100
0.317173 0.984404 0.32624 0.0220871 -0.385221 0.248022 -0.820216 -0.110334 0.791286 0.363087 1.45089 0.459567 0.559094 0.802666 0.869398 -0.19609 0.112019 -0.319571 -0.409744 0.0503274 1.10491 0.64963 0.609437 -0.133996 0.93932 -0.102401 1.35072 0.987356 0.0582233 1.28581 -0.361999 0.365355 
1101000011010100
1.0941 -0.118802 1.23385 -0.25913 0.0669172 0.770225 1.33985 0.213832 0.772083 0.396856 0.917858 -0.0617188 0.0831507 1.15071 1.03285 0.266344 0.413251 0.282227 0.13127 0.0394935 -0.223886 -0.0623841 1.07517 0.900809 0.892266 0.887314 0.794428 1.05829 0.454207 0.936307 -0.0718511 0.244912 
0011000110010101
0.418135 0.786641 0.799631 0.686884 0.0195417 -0.239667 0.175448 0.638111 1.15715 -0.120923 0.620834 0.100515 0.0699583 1.24405 0.244 1.22485 1.13225 0.0628436 -0.459334 0.635561 -0.173845 0.982623 1.05368 0.233071 0.512493 0.899 0.590033 -0.0914198 -0.172639 -0.427867 0.581504 1.56241 
0011001110110110
1.00164 0.777736 -0.0149023 0.105139 1.10714 0.231724 -0.274159 1.30339 0.112208 0.816537 0.124727 0.848663 -0.548824 -0.327005 0.33936 -0.00248128 0.77563 -0.0838211 1.25554 -0.378349 1.12495 1.22947 0.872323 0.69881 0.514086 0.406164 0.971455 -0.0432667 -0.140687 1.62891 0.327889 -0.0268812 
1101110000001111
1.54557 0.442038 1.35784 0.801648 1.09791 0.00390214 0.975023 1.27696 1.3841 0.417112 1.34442 0.691265 0.32652 0.868255 -0.0496543 -0.0342707 1.06284 1.19788 0.962871 0.00458363 -0.243292 0.129661 0.625507 0.547858 -0.101188 0.233257 0.145095 0.852805 0.51489 -0.18691 -0.274248 1.04998 
0101000001110001
0.0457815 -0.364635 1.03487 0.812333 -0.0531701 0.684417 -0.0280443 1.04521 -0.215979 -0.459496 1.05829 0.939292 0.621785 0.663673 -0.309995 1.26992 -0.309688 2.08912 0.426638 0.0156021 0.706115 0.691856 0.841944 0.817033 -0.517203 1.59694 1.25266 -0.092585 1.1283 1.36346 1.35678 1.29093 
1110100010011000
0.545601 -0.125408 1.40113 1.27314 0.971313 0.205572 1.33537 0.944483 1.20118 -0.446527 1.0255 1.49833 0.375947 -0.101334 1.21458 0.713733 1.36096 0.0631316 -0.228355 -0.481224 0.245625 0.987469 0.603538 1.44797 0.259556 1.08686 0.218979 0.697164 0.706424 -0.047183 -0.0535977 0.0435757 
0000110110111000
1.47183 -0.114567 -0.191178 -0.529093 0.0678684 0.61073 0.47279 0.297271 0.219947 -0.222268 0.839102 -0.255746 0.332908 1.10379 1.04359 1.09324 0.140992 0.601034 1.14346 0.741114 0.698948 1.42858 0.189054 0.656265 1.01758 1.50283 0.297619 0.971216 1.14477 -0.0705304 0.389783 -0.00144231 
0100000110111010
0.956389 1.94266 -0.0582847 0.842043 0.0390591 0.59191 1.18672 1.40387 0.680724 -0.11366 0.330207 -0.44886 0.22873 0.117107 1.16147 -0.168051 0.197485 0.0457931 0.730711 -0.212059 -0.0964844 1.2394 0.933575 1.23248 0.251124 0.89552 0.759464 0.975831 -0.0198579 -0.318805 0.69138 0.0257999 
1111011011100110
0.935926 0.229592 0.28184 0.165655 1.04577 0.751602 -0.281215 -0.031392 1.41616 0.381071 0.0429161 1.42165 -0.00779486 0.588288 -0.241866 -0.0693916 0.917818 0.758329 -0.726789 0.0346963 -0.119112 1.41155 0.0591924 1.06641 -0.215465 0.41554 -0.135972 -0.222673 -0.27703 0.926229 1.33241 0.348735 
0001010111010001
0.752939 0.80075 -0.0489432 -0.380403 -0.299922 0.084085 0.00830331 -0.164936 0.111853 1.15098 1.35048 -0.0133759 0.119618 0.52671 -0.0722002 0.820676 0.242375 1.49171 0.595772 -0.1116 1.60548 0.253852 0.392776 -0.0147905 0.696683 1.14001 0.230117 -0.154333 0.759358 1.06907 1.65195 1.05409 
1100001000011010
-0.0778414 -0.198075 -0.0469986 1.77614 -0.207233 -0.0717893 0.214548 0.871373 -0.214617 -0.126909 1.1806 -0.407175 0.0749825 -0.107854 1.5541 0.162518 0.0599228 0.448529 0.358852 1.01731 1.2593 1.68858 1.65808 -0.0780596 0.821502 1.21569 0.215396 0.824066 -0.140752 0.020551 1.62131 -0.283388 
1000001101011100
1.16226 0.761363 0.958734 -0.696762 1.49325 0.713171 0.428407 0.771677 -0.566389 1.04846 0.84127 1.21954 0.403792 1.02871 -0.0532293 0.0916706 0.098548 0.105123 -0.419837 1.07377 -0.493958 0.339922 1.07979 0.625439 0.292762 1.20615 0.623659 1.28932 0.464114 0.597976 -0.265179 0.0975409 
0011101011001011
0.737448 0.371824 0.92506 1.26557 -0.00613731 0.771802 1.31808 1.2236 0.894111 0.10438 0.634345 0.154511 -0.569125 1.43649 -0.0255824 -0.195637 -0.275847 0.384191 0.612766 0.760414 0.703283 1.01963 0.572108 -0.146051 0.0247535 0.195327 0.161598 1.36552 0.742154 0.669156 -0.0535642 1.38317 
1000111110111011
0.935558 2.04057 0.754385 -0.130494 0.11797 1.72936 0.10596 0.165442 -0.192762 0.930224 1.13371 0.92125 -0.0579644 -0.528628 0.688639 -0.162444 1.65173 1.4652 0.506162 0.295621 -0.373282 0.893889 0.191208 0.0445725 0.670307 0.0351127 -0.256935 -0.601475 1.25756 0.700711 0.0388767 0.489633 
1101101001011011
0.133631 0.498335 0.728021 1.39413 1.24916 0.273691 2.28997 1.1883 0.155778 0.927753 -0.069654 0.216218 0.661795 -0.171908 0.272557 0.242173 0.175708 0.730482 1.76905 0.127231 -0.263057 -0.142314 0.360381 1.12097 0.950959 0.818369 1.15102 -0.205431 0.805556 1.10129 0.0134348 0.833752 
1011100111001110
-0.199389 0.387148 -0.0908401 1.26997 0.699522 1.29763 0.518166 0.735313 0.723102 -0.150196 0.838566 1.53868 0.103405 0.906725 0.762463 0.709907 0.211756 0.756961 0.907729 1.06987 1.42414 -0.209398 0.94008 1.30531 -0.640006 0.0040693 1.20647 0.181662 1.57388 1.01544 1.13512 -0.151077 
0011001101111110
-0.0150394 0.993306 0.370096 1.54414 0.43383 1.45073 0.735855 0.251282 -0.39576 0.39187 -0.508713 1.11892 1.26705 -0.224711 -0.383642 -0.601049 0.374201 0.278783 -0.0283822 1.62807 1.37265 0.175795 -0.133834 -0.336882 -0.286932 0.727323 0.700902 0.714913 1.36785 1.30209 1.20781 -0.349562 
0100101110001010
0.770675 -1.02208 0.790586 1.45236 0.0980763 0.347759 0.356189 -0.211132 -0.28207 0.218326 1.04371 -0.169938 1.26322 0.475035 0.0746138 1.33093 0.707181 -0.128743 0.706397 0.9426 0.828005 0.191016 1.00372 1.13403 0.556515 0.428797 1.74262 0.13454 -0.273179 0.0945712 0.58845 0.216838 
0100011001101011
0.223803 1.28156 1.2313 0.733701 -0.358362 -0.106106 -0.123133 0.809723 0.148383 1.0827 0.261877 -0.162637 1.44813 0.669762 0.185026 0.927725 1.20786 -0.234808 0.0567053 0.096981 -0.0757644 0.162715 0.17428 0.781676 0.960132 0.0999621 1.41902 0.928031 1.50905 0.786233 0.183546 0.624305 
1100001010100110
1.10531 0.325334 1.1609 0.924131 0.72925 0.21585 1.19701 0.198552 0.218542 -0.49849 0.862838 0.895499 0.230434 0.580111 0.735462 -0.0452023 1.18458 0.977168 1.13109 0.894825 0.723869 0.594573 -0.551604 1.05731 1.10905 1.18053 0.527031 -0.570138 0.0261065 0.763324 0.967888 -0.227945 
0011010110000010
-0.393958 1.14711 1.09093 0.32264 0.871294 -0.421066 0.364282 1.35676 0.313237 1.22135 -0.481426 0.397774 0.843449 1.17919 -0.241715 -0.334389 -0.164288 -0.145464 -0.147048 -0.150099 0.453775 0.892501 0.735239 1.23346 0.923595 0.173974 0.754711 -0.0826837 1.18292 0.172382 1.03866 0.0128644 
1000101000001100
0.889572 -0.387621 0.443872 0.308741 1.39993 -0.0273431 0.0372268 0.457981 0.626977 -0.182395 1.2575 0.925778 1.16557 -0.0281683 0.797583 0.924508 0.846071 0.215985 0.0359248 0.0267018 1.26363 -0.364567 -0.223575 -0.513454 0.370281 1.01835 -0.321626 0.0365556 -0.406231 0.559632 0.452375 0.242372 
0100010000110000
-0.0678539 0.678843 0.0971071 1.2584 -0.080061 -0.0677594 -0.384272 -0.0482802 1.06792 -0.268042 0.510092 0.131513 0.0269895 -0.00496185 0.228695 0.187665 0.883746 -0.23677 0.950106 -0.180721 0.303578 0.284452 0.202936 -0.236811 -0.245399 0.668699 0.0961548 1.07745 0.25861 -0.0435612 0.0589808 -0.00834686 
0001011011011101
1.39348 1.07183 1.04024 -0.516608 -0.514407 -0.250074 0.514353 -0.0584487 -0.378822 0.624296 1.49413 -0.0960454 -0.332979 -0.50311 0.0965199 0.79603 -0.339315 0.961234 0.178362 -0.0576233 0.430101 0.0546555 0.164077 0.153292 1.00616 -0.208266 0.0426388 0.158155 1.48048 -0.641308 1.42734 0.820698 
0001000000110000
0.771409 0.856728 0.865575 1.38004 0.14586 -0.160351 1.09136 0.0779673 1.50067 0.701149 0.471668 1.24054 0.891656 -0.319745 1.2975 -0.031193 -0.0957416 1.20804 -0.325878 1.20799 0.188595 0.0820903 -0.640109 -0.264641 0.0869116 1.22641 -0.0327324 0.562213 -0.07525 -0.513084 -0.719106 -0.0609472 
0111101100010010
-0.271285 0.687449 -0.264558 0.642699 0.0529789 0.502153 -0.754438 1.43703 0.116833 -0.155591 1.17761 0.704841 0.0695929 -0.231971 1.51574 0.457912 -0.218258 0.248762 0.862808 1.69125 0.746907 1.31938 0.139143 -0.316606 0.294269 0.880713 0.162724 1.17321 0.562026 0.200342 1.06669 -0.0270543 
1001000011010101
1.29704 0.693729 0.750868 0.428471 1.56138 -0.44619 0.0397058 0.661322 0.384149 -0.62782 1.64344 0.165114 0.776842 -0.42736 0.0146878 0.696615 1.26334 0.771755 1.05666 0.82166 1.19348 1.28817 0.0629829 -0.6898 -0.0486008 -0.427575 -0.227045 -0.492722 0.0239311 0.179305 0.929818 1.16067 
0000101111100110
0.374989 1.08 1.1369 0.467496 -0.0743472 -0.347079 0.461912 0.171735 1.01957 0.943724 0.838775 0.956797 1.30594 0.0321287 0.447121 1.84575 0.969313 0.252462 -0.735219 1.91896 0.277159 0.736355 1.13634 1.16174 -0.204478 -0.144077 -0.0613361 -0.223502 0.244328 0.849455 0.550592 -0.291825 
0001001101110100
0.782848 0.096511 -0.109766 1.04801 -0.187187 -0.308869 -0.416509 -0.150166 1.41451 1.21392 1.01349 0.407532 0.263871 0.662166 0.779869 -0.367602 0.251538 -0.244918 1.15658 0.814605 0.756706 0.227313 0.482427 0.138538 0.648941 1.25945 -0.748713 0.695186 0.800944 1.48731 0.0145667 0.275316 
1011101110001011
-0.408286 0.0389957 1.32078 0.167796 0.106107 -0.632563 0.70298 0.0120509 0.0243565 0.430518 -0.375286 0.148451 -0.00841969 0.929124 0.485255 0.274742 -0.24094 1.43863 0.308765 -0.533395 -0.225555 0.729204 -0.89724 0.0271995 0.990467 1.27951 0.177975 0.366261 0.590749 0.957753 0.539301 0.996442 
1001000100110011
0.596097 0.485116 1.07853 1.00878 0.353934 0.408869 1.56923 0.375282 1.21445 -0.128814 0.920226 -0.151639 0.905888 1.54468 1.14946 1.13865 1.18804 0.494543 0.778531 0.322391 0.773404 1.08358 1.33534 0.621941 -0.234588 -0.131618 0.501433 -0.25928 -0.0335869 1.21933 0.00613666 0.909138 
0110101110000100
1.18706 -0.086561 -0.357012 0.899719 -0.0658932 0.383493 0.643251 0.344896 -0.0924687 0.24252 -0.029955 -0.211218 0.769677 1.19108 0.994987 0.630587 -0.036202 0.194147 -0.55059 0.879937 0.58533 0.773463 0.591884 1.05333 1.34914 1.52307 0.387366 -0.0516279 0.928679 0.906843 0.306118 0.342967 
1111101011110111
1.03729 0.561353 0.596707 -0.327628 0.756525 1.18445 0.235945 -0.0371889 -0.340383 1.08385 1.25353 -0.00147074 -0.119966 -0.349591 0.690178 -0.554559 0.315765 0.1559 0.72411 0.950026 0.840649 0.330486 0.741208 0.266738 0.0359199 -0.347463 -0.174934 -0.593517 1.42381 0.161821 -0.304112 1.28656 
1110111011001101
0.485861 0.0744553 0.493544 -0.156961 -0.220105 0.847269 -0.501076 0.0344275 0.652588 0.196878 0.531153 1.16957 1.05961 -0.149779 -0.0305439 -0.404602 1.52178 0.124947 0.773972 0.662985 0.8786 -0.0440952 0.0514857 -0.176211 0.126639 1.42377 1.05833 0.945831 0.952787 0.21852 0.922595 0.921125 
1011001011111111
-0.277494 0.244565 0.830505 0.50048 1.20444 -0.0361435 1.48993 1.1137 1.62612 0.739853 0.935936 0.29347 0.112277 0.809517 0.832666 0.9005 1.09729 0.330402 0.311514 0.883102 -0.0987803 0.341248 1.35811 0.558019 1.16921 0.100941 0.425157 0.401706 0.0117645 -0.122206 -0.0535175 0.539366 
0000011100011011
1.12151 -0.238141 1.03316 1.42182 1.16112 0.439033 1.0121 0.53479 0.160496 0.374197 0.779464 0.082878 0.727261 1.4163 0.355083 0.768981 1.37991 0.0578543 0.813964 1.17219 1.03399 -0.311085 0.646335 0.872116 -0.237739 -0.253239 0.673731 -0.117588 1.29071 0.929031 0.135972 1.07204 
0001101000010010
0.930652 0.453723 -0.32673 -0.153045 0.111466 -0.028984 1.0434 0.844962 0.0501963 -0.124727 0.186127 0.141516 0.83458 -0.0246731 1.10569 1.24155 1.41697 -0.398733 0.474704 1.11503 0.28942 0.824249 0.935224 -0.417588 0.193187 1.17213 0.174847 1.75784 0.815668 -0.220984 1.01053 -0.0485834 
1101011100111100
0.496332 -0.0915916 1.24803 0.505483 0.000614405 0.274471 0.989941 0.848252 0.0728937 0.586006 -0.00014019 -0.27505 1.07158 0.982266 0.877624 0.285813 0.740644 -0.10557 0.0997965 -0.158747 0.481417 -0.28873 0.653669 0.0330879 -0.143125 -0.360602 0.207106 0.541248 -0.0981487 1.37524 0.0520352 0.186586 
0110110110100110
1.09586 0.482608 1.13317 -0.197674 0.0755224 -0.1101 0.229025 -0.286359 0.3547 0.120799 -0.0120457 0.339367 -0.00708413 0.864697 -0.0922083 0.946565 0.092926 0.722116 1.22686 -0.619952 0.50835 0.303832 1.50213 1.15536 0.736428 0.951579 -0.0982908 0.405283 0.208537 1.16803 1.44617 -0.545204 
1011010101110110
0.0661494 -0.383388 0.919229 0.854949 0.250813 1.78423 0.226183 0.824111 1.22191 0.564283 0.385979 0.770291 0.609368 0.284076 0.457187 -0.928888 1.20022 -0.0219073 1.39906 0.210476 1.12753 1.02499 0.593697 0.248523 1.20099 1.2426 0.754075 0.789594 -0.089422 0.891869 1.37519 0.279217 
1000010000000001
0.810316 1.11999 0.789325 0.955088 -0.199336 -0.267129 -0.220535 0.159352 0.807638 2.19408 1.04249 0.471755 1.04922 0.899201 0.802691 1.13795 0.465219 0.263307 0.00836614 0.0744083 0.444488 0.727966 0.885364 1.26879 0.56639 1.17919 1.53307 1.34109 0.993982 0.886246 1.06657 0.865394 
0000110101111010
-0.323077 0.509793 0.302206 0.685144 0.209661 1.00431 1.13503 1.09996 0.504485 0.88692 0.345655 -0.00962275 1.25121 1.71342 -0.321249 1.22708 1.30188 0.629134 1.57421 0.347486 0.780186 0.177523 -0.18621 0.0486296 1.16394 0.192495 1.48262 1.4057 -0.345569 0.326596 1.1746 0.105472 
1100111110110101
1.0621 1.00533 0.818435 1.29617 0.621386 0.234353 1.08106 -0.20107 0.0979958 0.708213 1.33403 -0.143731 1.3369 0.756423 -0.390422 0.0529881 0.0333665 0.0323641 -0.24928 0.460088 1.21252 -0.0162299 1.02916 0.0374626 -0.362838 0.708431 1.31101 0.154603 0.248032 -0.343563 0.845763 0.690602 
1010100111101111
1.3014 0.610663 0.819035 0.591242 0.716457 0.0284048 -0.0257777 0.155807 0.518218 0.963131 -0.0742669 -0.0366852 0.171624 0.259352 1.22666 -0.236409 -0.78551 -0.356167 1.48335 -0.216814 0.306674 1.07396 0.294656 -0.421544 -0.208299 0.641358 1.05915 1.22999 -0.00865412 -0.396983 -0.267665 0.762034 
0001111110001111
0.93515 -0.34842 1.13633 -0.147302 0.76248 1.06063 0.597763 1.17357 0.0616934 1.23153 -0.337236 0.0390483 0.358549 0.950815 0.187306 -0.472237 0.454284 1.23965 0.277608 1.30435 0.61541 0.447807 0.141902 -0.127748 0.168574 -0.0713181 0.0229567 0.250846 -0.215264 -0.224717 0.204702 1.42357 
0110111010011111
0.817091 0.655388 1.23576 -0.17985 -0.355061 -0.132693 -0.533526 1.20839 0.371964 -0.085335 0.794189 -0.15271 0.143146 0.101858 1.5126 0.403118 -0.0965291 0.224734 0.807582 -0.580975 -0.249773 -0.180671 1.45518 0.434889 0.735495 0.760801 1.63747 0.649971 -0.12192 0.276948 0.272116 0.547084 
0010001111111111
0.788021 0.749054 0.245183 0.48463 -0.471236 1.37326 -0.0615638 -0.151112 -0.0231972 1.37577 -0.035474 -0.648768 0.719693 0.758812 -0.544618 1.18166 -0.237289 -0.0392101 0.16732 0.944538 1.18042 -0.114781 0.0593725 -0.282978 0.644352 0.191498 0.46406 0.459576 0.0673447 0.434278 0.104364 1.09454 
1101000000011011
1.15241 -0.0850429 0.393874 -0.0187185 1.07506 0.133956 -0.364606 -0.250196 0.0894661 0.954977 0.890711 1.36742 0.501224 0.469011 1.01563 0.696698 0.0979953 -0.133628 0.692322 0.416626 0.644094 1.15095 -0.412152 1.30789 0.313829 0.266327 0.560681 0.527915 0.76334 0.973149 -0.0410799 1.4296 
1001001001010111
-0.111058 -0.288909 0.969305 0.817388 0.174222 0.254902 0.349331 0.661978 0.0220503 0.136404 -0.0320281 0.0263012 0.0425948 0.40761 0.961686 0.558054 -0.359939 0.885721 1.58513 0.0626502 -0.120531 1.02737 -0.347145 1.25689 0.961422 -0.234059 0.814444 -0.256461 1.11343 -0.735707 0.0551302 1.29771 
1000111001100010
1.03381 1.17683 0.769383 0.8822 -0.148243 1.01043 0.970595 0.454743 -0.684101 0.60235 1.32046 0.946275 -0.0346456 1.1488 -0.30069 0.52387 0.949109 1.33482 0.975436 0.762344 -0.0774715 0.822486 1.19188 -0.393254 0.592696 0.786478 -0.63958 0.00254208 0.943879 -0.113462 0.711678 -0.0780149 
1110001010101000
0.877208 0.786452 -0.681198 0.385564 0.802579 -0.553131 0.240608 0.540641 -0.117773 -0.0509288 0.0284497 0.634258 -0.0444732 1.29237 -0.693367 -0.118796 0.0261211 -0.21142 -0.13032 0.631425 1.25199 0.166865 0.45028 1.29671 -0.11037 0.0771034 0.921274 0.402514 1.36421 -0.0181175 -0.229534 0.0593213 
1111001100010101
1.13347 1.22057 0.403879 -0.320567 1.0828 0.985121 0.121741 0.329398 -0.20663 0.562917 -0.201607 0.863186 0.325633 1.15716 0.670745 0.592405 1.27962 0.395042 0.972266 -0.316393 0.438289 1.06141 -0.116332 1.17974 1.25573 0.95334 -0.139127 -0.16448 -0.296255 0.0241853 1.63723 0.937724 
1001001011100010
0.699207 0.171542 1.04815 0.19832 0.92849 0.70754 0.262258 0.361403 -0.00387406 0.768769 0.623938 -0.0295897 0.195263 -0.287475 -0.0384056 -0.423588 0.778008 1.02232 1.05611 0.570052 0.833276 -0.279726 0.201291 0.564371 0.89069 0.450321 0.281584 -0.238969 0.17181 0.272529 0.770512 0.166347 
0011010011100100
0.985217 1.0483 -0.0163034 0.490728 -0.30145 1.63698 -0.0420138 1.00266 1.1324 1.44042 0.180098 0.00411779 0.927814 -0.503684 0.826471 -0.0095517 1.3397 0.551636 0.857859 0.0627667 0.0695895 -0.334871 0.647381 1.23115 0.986477 0.257802 0.671821 -0.0962994 1.55443 1.30422 0.594289 0.149927 
0010100111111100
0.815168 -0.0540436 1.23413 0.828751 -0.316741 0.128737 0.641111 -0.235491 0.75122 0.765629 1.25947 -0.293778 -0.123012 0.570529 1.23118 1.33037 0.700919 0.252119 0.27051 0.272566 -0.120605 -0.343097 -0.344357 0.78155 0.98757 1.09392 0.156853 1.4668 0.478557 1.04401 0.0531309 0.277087 
1101011011000011
1.44899 0.944384 1.18107 1.34179 0.0462232 0.525761 1.01342 1.00215 1.18056 0.973681 -0.450986 0.588249 0.656649 1.42988 0.766659 1.28273 0.0211488 0.9678 -0.252948 0.80394 0.0173239 1.35284 0.894725 -0.104305 0.714577 0.39671 -0.474061 1.33835 0.292979 1.16297 0.534607 0.84545 
1000000101111110
-0.380978 -0.134776 1.47205 0.357976 0.793278 -0.202894 0.738056 0.735264 -0.157659 0.733408 1.40057 1.01367 0.826683 1.22596 1.12454 -0.291293 1.20737 0.565704 -0.0162071 1.0449 -0.385897 1.13265 -0.171739 -0.705124 -0.519452 0.852716 1.12054 0.435836 1.0948 0.989135 1.09814 -0.0494552 
0001100001000101
0.825819 0.12286 0.588396 -0.408903 -0.40339 0.555139 1.24751 0.292875 0.911134 -0.126607 1.26543 -0.0141931 -0.10623 0.661157 0.698814 0.316956 0.788067 1.01483 0.358822 0.439302 0.0934536 -0.189185 0.790244 0.90788 1.47715 0.994065 0.778198 1.51689 -0.244863 -0.190725 1.56537 1.41066 
1111000010110001
0.241302 0.0311798 1.37194 1.0291 0.73782 0.0645528 0.159515 1.02223 -0.126933 0.247555 1.30818 0.882032 1.10815 -0.0301655 -0.202499 0.459296 0.210064 1.21631 -0.037276 0.150912 0.0188888 -0.0928921 0.241423 -0.100921 1.53382 0.291488 1.01369 -0.0846253 0.997442 0.385939 0.724057 1.12882 
1001111110001101
0.33837 0.708564 0.865871 1.16256 0.913393 0.37862 0.494978 0.00495857 0.681153 0.995313 0.205134 0.406867 1.20158 1.19952 1.16304 0.165575 1.185 0.659852 0.0261616 0.952199 0.298556 -0.154806 0.880573 -0.236978 1.53855 -0.523924 0.695595 0.574982 0.69121 0.0422455 1.6407 0.739073 
0100101101110000
1.05971 1.07707 0.812226 0.285685 1.14499 0.446861 -0.177072 1.36958 1.05583 0.458178 0.0544194 1.30034 0.901696 1.29888 1.21415 1.12717 1.72391 1.03971 1.20362 1.3202 0.0473234 1.24289 1.41086 -0.58802 0.639161 0.331528 0.309551 0.711571 0.596095 0.0896542 0.365154 -0.362958 
1001000111111011
-0.99376 0.570636 -0.228465 -0.257673 0.975446 1.07315 0.118389 1.14022 1.10918 0.699531 1.57668 -0.230329 -0.588414 0.989463 1.18373 1.10501 0.125292 -0.660884 0.388942 0.633677 1.16551 -0.107659 0.188552 -0.402598 -0.219791 0.947911 -0.00674164 0.114032 1.82268 0.576192 0.151305 1.16528 
1001001010101100
1.04561 -0.0711668 0.260118 0.1441 0.232411 0.335368 1.16115 0.147021 0.543282 0.862934 0.187848 -0.287841 0.68175 0.79489 1.40084 -0.307596 1.5924 1.36095 -0.0475601 1.20099 0.357825 1.01118 1.01285 0.690398 0.94738 0.884973 1.10144 0.370149 0.0575563 0.676124 0.174778 0.0349174 
0101001111110110
0.0482261 0.11868 0.689256 1.1767 0.407083 0.89118 0.0486791 0.681773 0.978531 -0.190731 1.1406 -0.178903 0.966893 0.774394 0.349097 -0.243722 -0.66855 0.486596 0.629601 -0.399202 0.637201 0.804802 0.299829 0.873705 1.16022 0.98196 0.712432 0.929689 -0.265676 1.06775 1.19371 -0.224905 
1011000011001011
0.273285 1.5572 0.787234 0.804086 0.923042 0.0771208 1.13841 1.49851 0.205143 1.129 0.810743 0.989342 0.624423 0.195316 1.38844 0.977745 1.78716 0.90549 0.881316 -0.0622861 0.160907 -0.277305 0.755718 0.0384086 0.212957 0.19457 -0.1716 1.02995 0.628965 1.39467 -0.00407541 1.34775 
1001100101100011
0.0526788 0.126246 0.8542 0.75402 -0.116993 0.925243 0.0896994 0.694224 0.00608727 1.26982 0.588036 0.210188 -0.293479 -0.149607 0.267578 -0.294389 1.37208 -0.0296496 0.0270869 0.281027 0.937847 0.947214 0.885448 0.889364 0.00542936 0.531354 0.855251 1.07539 -0.218695 1.23213 -0.0333996 1.31791 
1100111110000110
0.962077 0.536388 1.18446 0.690354 0.959561 1.30261 0.85917 1.13205 -0.231687 0.84815 1.28777 -0.420411 1.09654 0.1846 0.213413 0.975115 -0.152089 -0.17724 0.143798 -0.0765572 1.08948 0.923748 1.01246 0.835237 -0.129461 1.26313 1.235 -0.146081 -0.260918 0.904661 0.573448 0.290199 
0011110101011001
0.595602 -0.107561 0.435588 -0.342831 -0.0690571 0.445583 -0.42276 0.132485 0.237757 1.13269 -0.273957 0.759277 1.20793 1.01573 1.33056 -0.353277 0.220872 -0.276948 -0.392109 1.41928 1.53312 0.528299 -0.0120713 1.02437 -0.193238 1.11521 -0.27748 0.00243646 0.158522 1.21989 1.23631 1.39495 
0111100000011001
0.831216 1.39208 1.01007 0.550848 1.172 0.942895 0.414776 0.193386 0.463542 1.08195 1.31779 -0.481634 0.151453 1.52995 0.871037 -0.246584 0.751369 -0.388087 0.335003 0.554521 -0.247818 1.30461 1.24804 0.46835 1.22096 0.134774 -0.119835 -0.276178 0.249784 1.44639 1.49767 1.49335 
0001010010000110
1.40897 0.963389 -0.355995 -0.270419 -0.372663 -0.44389 1.3036 0.488433 0.809249 1.28102 -0.220234 -0.374262 0.859741 0.757407 -0.503653 0.398276 -0.111502 0.76329 0.989368 0.288254 1.16923 0.0748367 -0.270244 0.839409 0.270428 1.42418 0.86751 0.306662 -0.338318 0.312473 1.42357 -0.0944898 
0010111000101100
1.10248 0.988385 1.02596 -0.390085 1.06107 -0.39022 1.1624 0.768676 1.09158 0.916244 0.59234 0.984272 0.184846 1.08668 1.01365 1.63882 0.794983 0.683632 -0.28458 0.819075 0.716832 0.362111 -0.0554971 0.232139 1.10082 0.742855 0.637458 0.230634 -0.0154628 0.875666 0.0311257 0.141398 
0111010010010101
0.248534 1.13998 -0.0650611 0.743472 1.07362 -0.063965 1.10822 0.446826 -0.13855 1.39356 0.219198 0.753683 0.122823 0.57017 0.00118482 1.09885 1.05495 0.940319 0.151041 0.0621603 1.16688 0.622985 -0.277762 -0.37196 0.957359 0.987098 0.110237 -0.83005 0.0487107 -0.587184 0.598145 0.755822 
0010100101100000
1.05342 1.36661 1.40875 0.837131 1.10096 -0.563386 0.388765 0.997433 -0.148148 0.783737 0.0951319 1.08859 0.101714 0.118663 1.45915 0.61645 0.875445 0.928275 0.36697 -0.043027 0.859878 0.00010854 1.31617 -0.0298326 0.283158 1.21364 1.47081 -0.454343 0.145566 -0.653817 -0.155149 -0.200345 
0110010101010110
-0.387604 -0.0619537 1.08873 0.813908 0.117108 -0.156043 0.0385935 0.537403 0.0467348 0.992746 0.575806 0.251559 1.30786 -0.712014 0.994971 0.258622 0.339498 0.107278 -0.0671197 0.193039 1.11961 0.364949 0.014147 0.0416379 -0.576399 1.13305 0.517633 1.13386 0.0321692 1.00836 0.818656 0.157258 
0101111110001100
0.998961 0.251587 0.405311 0.472054 1.56801 -0.682663 -0.0969694 0.600051 1.34842 1.001 0.848489 -0.0123461 0.340958 0.0406346 -0.269218 0.865718 0.139319 -0.202617 0.392101 0.0954599 0.235085 1.08229 0.568825 1.21438 0.0901489 0.904642 0.0620202 0.300344 0.041012 0.610213 -0.213768 -0.164793 
0101000001011011
1.13366 0.231205 -0.00334704 0.572425 0.165473 0.793798 1.0628 1.04326 1.33779 -0.262551 1.14576 1.15412 0.478247 0.843285 0.827047 1.57754 0.759348 0.808892 0.595289 0.193482 0.856249 0.674353 -0.48233 1.47253 1.09019 0.618532 0.723436 0.259541 1.05716 0.851019 0.36896 1.07301 
1101010001011100
0.139802 0.493105 0.732422 -0.379029 -0.550666 0.427324 -0.328353 1.22874 0.176268 -0.36337 1.18956 0.0657612 1.67018 0.257942 0.83541 0.0605435 0.668666 0.053627 0.110142 -0.00936717 -0.127047 1.13669 0.0684438 0.0499555 0.111269 0.605831 1.34319 0.418156 -0.29429 0.741846 0.449467 -0.173695 
1110101001101100
0.948175 0.833982 -0.229788 1.30352 0.424799 1.62233 -0.133749 0.716311 0.804551 0.831972 1.03147 0.459505 -0.22627 1.23275 1.60911 0.842421 1.40844 0.623966 0.706071 0.00339094 0.974429 0.431883 0.0822316 0.06851 -0.132473 -0.0647829 1.33434 -0.407351 0.146034 0.949025 -0.432148 0.375701 
1100111101000110
1.13704 1.24939 0.329442 -0.292125 -0.139958 0.480321 0.0781502 0.182223 1.47136 0.245417 1.2743 -0.510524 1.38028 -0.512903 -0.342003 0.702576 0.569821 0.310816 1.06702 0.780171 -0.201934 0.56965 -0.604648 -0.574172 0.841321 -0.42458 0.999449 0.272151 0.00972405 0.430079 0.843758 0.101879 
1110101110110110
1.31627 -0.056181 0.122286 1.34149 -0.29902 0.497385 0.916231 1.0693 1.06723 0.822434 1.03712 1.327 -0.154156 1.39677 0.352695 0.465614 0.822711 -0.201475 1.07898 -0.475541 0.815784 1.0795 0.885776 1.38586 -0.605609 0.0961169 1.11987 1.06742 -0.34414 1.09359 1.40122 -0.369049 
0010010111001010
1.29743 -0.139343 -0.634298 -0.195413 0.809604 0.407456 1.33758 1.17221 0.150148 0.279862 0.823041 -0.139123 1.23748 1.07755 0.7284 -0.126796 -0.0097326 0.692599 0.0808218 -0.300422 -0.130022 0.831917 1.19924 1.38068 0.614119 0.741644 1.32068 0.147469 0.630265 0.0909326 0.869151 0.245841 
1111000110111001
0.283002 -0.2244 -0.249646 0.946756 0.587476 0.491086 1.46434 0.638239 1.16748 -0.513872 1.27963 1.00522 -0.0455145 -0.41325 -0.632713 1.07224 0.310124 1.47728 1.20146 0.958095 0.0915133 0.680046 0.950478 0.270986 -0.136876 -0.62995 1.10651 -0.322784 -0.227597 0.923735 1.3408 1.15651 
0011000000110100
0.892152 0.410314 1.49553 1.39697 1.34645 -0.158454 1.2743 0.48719 1.49392 0.0189843 0.845183 0.929404 1.19575 0.0192074 1.28866 0.188192 0.87224 0.49527 0.0754414 1.13653 1.22429 1.45439 -0.365855 0.36272 1.37018 -0.286211 -0.374702 0.975951 1.08182 1.19577 0.4214 0.268077 
1000101100000100
0.968212 -0.484524 1.1829 -0.598076 0.804869 0.342489 0.336407 -0.541845 -0.224633 -0.0671722 1.27231 0.901152 -0.0149953 -0.321658 0.634954 1.14081 0.860609 -0.577285 0.722887 -0.166737 0.937306 -0.451981 0.919036 -0.0619483 1.37192 1.02161 0.0853384 -0.338282 1.42547 1.11277 0.293214 -0.663904 
0101101001100010
1.20765 -0.795747 0.776337 0.447038 -0.162625 -0.240054 1.3413 0.687463 -0.234453 0.707846 1.08601 0.0887863 1.13915 0.699855 1.89651 1.02794 0.0405295 -0.0314093 -0.137365 0.323095 0.147111 0.869489 1.12762 -0.0110142 1.45181 1.06216 -0.208117 0.124557 1.44821 -0.00149214 1.08503 -0.0323889 
1111110101001100
0.198746 0.751806 -0.571054 0.528651 1.5616 0.349907 -0.111889 -0.388214 0.763239 1.49871 1.09373 -0.494695 1.09928 1.38423 0.275153 1.01805 1.06145 1.25984 -0.0978075 1.13516 0.630578 1.14214 1.09268 0.0288895 0.729434 -0.123682 0.0165093 -0.304857 0.235983 0.901486 0.260334 -0.342356 
1001110111001110
0.296519 0.21826 0.947725 -0.115253 -0.0793858 0.715251 -0.621772 1.1648 0.228943 0.601257 0.284233 0.838836 0.944852 -0.0654669 1.69973 1.98286 1.06409 0.00547376 0.35258 -0.334724 0.931039 0.105235 0.942533 1.16652 0.164906 0.0481239 1.46481 -0.488131 0.900293 1.29895 0.699258 0.236841 
1100100001101001
1.60527 1.60226 0.604544 0.260162 0.196967 1.08872 1.11575 1.00962 0.0726552 -0.236099 0.0619248 0.595743 0.831726 -0.189052 -0.656991 -0.194029 0.60417 -0.220828 0.205267 0.299211 0.0410584 1.18923 1.1998 1.0194 0.189784 -0.13498 0.413315 0.845483 0.40108 1.13107 1.32009 0.822597 
0010001101001100
0.0513608 0.591037 1.35671 0.577462 1.36057 1.16449 0.899657 0.174828 0.234757 1.23803 0.308542 0.316388 1.44571 -0.523117 -0.0413308 -0.0222254 1.02179 1.52551 1.21454 -0.114853 0.592036 -0.270163 0.540257 -0.176565 1.01303 0.435805 -0.246301 -0.167824 0.322098 0.889945 0.567603 -0.110968 
0100111101100001
-0.30914 -0.318074 -0.178798 -0.0274333 0.514899 0.788055 0.894224 -0.339522 1.05449 -0.0398792 -0.12238 1.30745 -0.730283 0.0798806 0.144736 0.528935 0.0413117 -0.433931 0.219893 0.37084 0.402414 -0.163269 0.446784 1.14054 1.00248 0.119413 -0.0822898 1.65661 1.17174 0.762113 0.979397 1.03944 
1101110011011011
0.949397 -0.169481 0.569598 1.24313 1.60828 0.0257219 0.0642328 -0.402722 0.367991 0.786988 0.149125 -0.147104 1.02328 0.212021 0.226812 -0.26346 0.507034 0.889638 0.949355 -0.635932 0.114181 0.376311 0.913202 0.247608 0.865502 0.787572 1.37553 -0.181728 0.710836 0.879105 0.669956 1.13413 
1101100000110100
0.865861 1.02266 -0.140487 -0.0536256 0.37798 1.41477 0.947175 0.0785268 0.279067 0.14221 1.99186 0.825522 1.23035 -0.121263 -0.195913 1.10013 0.63481 0.131475 0.198032 1.62133 0.841696 1.2046 0.358012 0.201057 0.762653 -0.0633575 0.700654 1.17758 1.2682 1.0826 0.276637 0.147501 
1001010111111010
-0.117599 1.5077 -0.178281 0.519193 0.333349 0.386081 1.55467 -0.259898 0.0963486 0.198534 -0.704031 1.57906 0.551598 -0.0205201 0.121805 -0.201484 0.518161 0.117944 0.243709 0.976933 0.161181 0.992948 0.62058 1.47971 0.989924 -0.340824 1.13246 1.65842 -0.334634 0.262734 0.466255 0.011226 
1001011001100010
1.32477 -0.319419 0.817635 0.106772 -0.363529 -0.414431 0.979053 0.950061 0.0384835 1.18665 1.14689 -0.252801 0.0268056 0.0613827 -0.651017 -0.209938 0.628087 0.592213 1.17903 0.465294 0.144837 0.291046 0.602079 0.126988 1.30122 0.70511 0.344763 0.182192 1.09867 0.0627325 1.12975 -0.493964 
0011010001101110
-0.261539 0.127467 -0.274395 0.701071 0.695168 0.564079 -0.0823967 -0.112407 0.473723 0.841703 0.828154 0.271963 0.520583 0.0355079 -0.0213445 0.422958 -0.0556473 0.794139 0.955105 1.52765 0.760606 1.29977 1.09562 -0.152561 0.807444 1.12768 -0.265162 0.100231 0.985028 0.483293 1.2988 0.463523 
1011110100101010
1.26484 -0.293483 0.956732 0.839945 0.782529 1.02935 0.650888 -0.126034 -0.0858769 -0.143138 -0.981077 1.15662 0.987342 -0.278981 1.09489 1.23221 0.897098 1.48634 -0.220812 0.95493 0.955307 -0.126553 -0.0483181 -0.230239 0.414682 0.243426 -0.0694875 0.575976 -0.249956 -0.126774 1.86991 0.215296 
1011111111110110
0.970125 0.989676 1.18992 1.31761 1.55952 0.00207961 -0.133077 1.02071 0.442232 1.16954 0.95867 0.037429 0.666078 0.875126 1.49133 0.536027 0.906143 0.303082 -0.0605308 0.829394 0.645121 1.19032 1.31123 1.30006 0.878876 1.17906 1.0301 1.85498 -0.0483389 1.48738 0.885764 0.150991 
1100011010001111
1.12001 0.989529 0.293019 0.788369 1.1162 1.04275 0.355049 0.795476 0.761864 0.991848 1.42133 -0.0860564 -0.332183 -0.219026 0.533646 1.20089 0.714793 1.59653 0.0706429 1.08163 0.141431 -0.102449 0.683164 0.123944 0.0411356 0.0677628 0.11719 1.29457 0.353421 0.347807 0.453727 1.0828 
1000010111010100
1.5834 -0.271862 1.17253 0.334073 0.0937303 1.03028 0.71519 -0.0303336 0.609047 0.789798 0.699287 0.707799 0.492208 1.39712 0.107464 -0.381639 -0.158116 0.687239 -0.0583246 0.815463 0.637103 0.230169 -0.426446 1.34603 1.39035 1.06905 1.42695 0.859275 0.886104 1.21869 -0.368456 -0.148774 
1001001111000001
1.61372 1.04986 1.25951 0.954341 -0.137973 -0.09656 1.00469 0.836912 1.14667 -0.260393 -0.282141 1.58093 -0.389357 1.01043 0.407217 1.21437 1.60944 -0.215176 1.16033 0.148018 0.56003 0.461431 1.23141 0.407857 0.239969 0.774935 0.903654 1.14226 1.33992 1.03093 0.759347 0.513426 
1101100000111110
1.18655 0.999243 1.21322 -0.893882 0.499204 1.4548 -0.130425 0.42967 0.124166 0.320703 -0.554776 0.932927 1.16106 -0.605738 1.39068 1.10839 0.512406 0.326994 2.18312 0.926762 0.784498 1.20963 1.16016 0.558578 0.962246 0.0215636 1.17973 1.19794 1.11343 1.01077 1.01969 -0.38147 
0000010111110011
0.108502 0.830026 1.61316 0.0379342 0.0745851 0.0164362 -0.225697 -0.264525 0.676115 0.728991 0.254975 -0.209691 0.0931921 0.977496 0.037036 1.05874 0.120356 1.34782 0.763585 -0.436107 0.900247 0.0256009 -0.06785 -0.0270302 0.877714 0.9136 -0.196854 -0.168118 -0.631473 0.815064 -0.0613186 1.30574 
1100101000110111
1.31073 0.814492 1.20175 1.36663 0.0905599 0.892757 -0.0794335 1.27036 0.964054 0.799736 0.132298 0.341678 -0.732404 1.56401 0.966412 0.489318 -0.275045 0.315291 -0.0403296 -0.119962 0.373938 0.88074 -0.489169 0.717954 0.988029 0.536343 0.11466 0.0774335 0.615751 -0.0409157 0.27096 1.14002 
1110001111010011
0.215921 -0.255038 0.920548 0.80715 0.485653 1.10417 1.13647 1.12772 0.50388 0.855872 0.545636 0.430278 0.575938 -0.0832295 -0.239789 0.711813 1.44956 0.729225 0.576527 0.318308 1.04776 1.14875 0.537459 0.449096 -0.282133 0.530028 1.07301 0.321878 0.0660063 1.19782 0.0239166 0.694503 
1110001100011000
0.63791 0.513731 -0.490941 1.36508 0.625702 0.951998 -0.193645 0.80345 -0.220224 1.33742 0.399388 -0.331968 -0.0684015 1.0347 0.428547 0.197625 -0.199831 0.65502 0.455099 1.23748 0.873224 0.683252 1.28007 0.0155478 0.226446 1.07527 0.858642 1.09865 0.858583 -0.0105028 0.563139 0.1637 
0101011111011100
0.342911 0.837309 -0.141317 -0.422384 -0.245853 0.894266 1.32317 0.940592 0.28199 -0.285448 1.06611 -0.173073 0.783118 0.209555 1.23868 0.330181 -0.48076 -0.256003 0.0111943 1.22131 0.918274 0.655825 -0.0676348 0.693933 0.0882184 0.670795 0.597205 0.655115 -0.238163 0.624508 -0.305687 0.448351 
0111111110011111
1.3213 1.53267 0.798153 0.389018 -0.00610447 0.253093 0.219724 1.07041 1.19489 -0.0530373 0.14283 0.105541 0.975974 0.414538 0.355788 -0.158825 0.925248 0.54855 0.229207 0.0942535 1.35973 -0.0564439 -0.336214 -0.184295 1.44377 0.588502 1.01091 0.23548 -0.0630839 0.426489 -0.0508958 0.867899 
0010100001110010
-0.164797 -0.0369314 0.24235 -0.358211 1.16151 0.424475 0.350914 0.589086 -0.26775 0.356724 0.491282 0.460775 0.852479 -0.05239 -0.520973 1.56441 -0.3519 0.279767 0.437618 0.644884 0.73489 -0.553969 1.06329 -0.748529 0.300179 0.314773 1.07874 0.995192 0.914123 -0.0853145 0.555083 0.0325932 
0101111010100111
-0.0524912 0.663633 0.167 0.705484 0.853112 0.543958 1.0687 0.899665 1.5768 0.129797 -0.0369084 0.695021 1.22825 0.753843 -0.0575256 -0.205855 0.586875 0.842225 0.619592 1.09064 1.20523 0.30445 0.916592 0.514037 0.0811918 0.115769 1.2237 0.889717 0.789317 0.569527 0.185349 0.808418 
0110000001010110
-0.115348 0.883066 1.22734 -0.320031 0.832931 0.0611982 1.15297 -0.103565 -0.565972 1.46452 1.09246 -0.388255 1.63427 -0.34086 0.555148 0.0818526 0.292786 1.11576 0.38197 0.779689 -0.678707 0.581477 1.20829 0.25584 0.631766 0.982926 -0.316068 1.04135 -0.634531 1.19968 1.0276 -0.12524 
1010110111111011
0.471584 0.00678718 0.670304 -0.319931 0.160225 1.00732 0.327846 0.337087 0.206706 0.577719 1.10115 1.09323 1.14944 0.801055 0.846234 -0.678544 1.37861 0.58413 0.997985 -0.456824 0.655722 -0.00648141 -1.12672 0.666311 0.236509 0.804868 0.170713 0.353965 1.05364 0.387488 0.252303 0.931337 
0101011010100010
0.916954 0.823924 -0.0211818 1.0472 -0.00718576 -0.157333 0.952185 0.336737 0.588944 0.891227 -0.13936 0.871168 0.0785007 0.385929 0.124908 0.306136 0.612421 0.846047 0.314902 -0.0951436 1.30804 0.0818127 0.249954 1.02164 -0.392106 -0.215394 0.0843339 0.140294 1.51822 -0.524942 0.816879 -0.69544 
1001110110011010
1.73667 1.53338 0.113815 0.817728 1.22694 0.800433 -0.265069 0.533209 0.206242 0.0373261 -0.195767 -0.532145 -0.00705928 1.14959 0.812736 0.935381 -0.180807 0.88468 0.777491 1.308 0.0069671 0.958145 0.895913 1.27174 1.19317 1.05756 0.447253 1.56292 0.0592275 -0.15586 0.397076 0.0737324 
0101010111000111
1.17532 -0.518398 0.846104 -0.241908 0.0149376 0.871872 0.893628 -0.0684627 0.172022 -0.116051 -0.453332 -0.052971 0.215241 0.0738958 1.6839 0.993083 1.08143 0.704935 1.39948 1.15618 1.00756 1.05821 -0.324925 -0.402681 0.480926 1.4288 0.0321434 0.975848 1.00805 -0.188261 0.349376 0.763025 
1000011100100101
0.787731 1.04212 1.31375 0.987994 1.07722 0.527418 0.883334 -0.0341229 0.966255 -0.123469 0.189841 0.882959 -0.284524 0.322127 1.10189 1.07327 0.102214 0.111059 -0.226727 0.178484 0.172602 0.707726 0.0784495 1.28107 1.33458 -0.0705639 -0.251882 0.884825 -0.154936 -0.0609565 0.821416 0.891945 
0111001110011000
0.368435 1.06637 1.07338 0.650647 -0.161729 0.785761 0.91752 1.34318 0.47555 0.844369 0.81613 0.0545324 0.572943 0.603138 0.985606 -0.0773365 0.926017 1.44113 0.987953 0.725877 -0.542167 -0.112374 0.450265 0.565965 -0.0782027 1.56112 1.00705 0.522468 1.27459 -0.526959 -0.151872 -0.174016 
0101101110101111
0.620142 0.151534 0.323278 -0.306557 1.62633 0.772875 0.140647 1.02447 0.0309824 0.0789316 0.0382426 0.78282 -0.0580709 0.938576 -0.0311967 0.444563 -0.0685016 -0.134465 0.756612 0.308626 0.571691 0.360126 -0.197804 -0.306926 1.02175 0.664385 0.659822 0.89427 -0.042775 0.383762 0.107774 1.05829 
1110101101110111
-0.172393 0.563012 0.0694376 1.05718 0.071001 0.336355 1.40941 1.36752 1.05387 1.30105 0.159476 -0.135048 0.646964 0.218866 0.735607 0.522778 -0.110145 1.25937 1.53718 -0.018262 0.383664 0.953109 0.596018 0.461163 -0.138407 -0.483707 -0.235938 -0.219984 1.27869 -0.430574 0.156555 1.04305 
1101110000011111
0.465253 1.22721 0.341379 0.713666 1.21103 -0.105815 1.03075 0.605599 -0.20639 1.0161 -0.354047 0.110883 0.74464 0.403853 -0.295491 0.334207 -0.0195886 0.211435 0.474579 1.6432 -0.636118 0.273849 0.465086 0.995023 1.38233 1.26914 0.618607 0.121 0.425859 -0.0317987 -0.052964 0.93118 
1001011110001000
0.800653 0.464575 1.09193 1.32592 0.0132805 0.853772 -0.0307587 0.257134 0.340658 -0.13273 0.869598 -0.335059 -0.0257599 -0.195623 1.0936 -0.0594509 1.12327 1.11235 1.51824 0.245106 0.364432 -0.350953 0.343464 1.09009 1.36008 -0.0842453 -0.443243 -0.0994929 0.391436 0.135551 -0.0691668 0.851929 
1001101000111010
0.209878 -0.170934 0.426598 0.86681 0.273087 1.55957 0.0541118 -0.651912 0.0457125 0.251767 0.558631 -0.196099 -0.14455 1.08852 0.820263 1.00939 1.09669 -0.280164 0.0414342 1.15212 0.85402 0.858348 0.93621 -0.31814 -0.420824 0.953312 0.891407 1.23198 0.162532 -0.224808 1.11584 0.26973 
1101001010011101
0.769529 1.11426 -0.39432 0.526909 0.5229 0.294111 -0.212911 0.965436 -0.116603 -0.367303 0.171401 1.09999 -0.0694739 0.417185 -0.557089 1.66582 0.0420688 1.14841 1.42091 1.67963 0.649308 0.0980247 -0.266654 0.0533376 -0.315806 0.699595 -0.0480801 -0.404287 1.16798 -0.256133 1.06387 1.10744 
1000110111101110
0.266685 -0.236568 0.932191 0.0880567 0.941103 -0.157222 1.28462 1.0287 0.161046 0.939285 0.930037 0.69067 -0.262812 0.530248 -0.00479317 1.6169 -0.447553 -0.341801 0.57354 0.036104 1.2241 0.11086 1.35498 0.738606 1.40966 -0.00492704 0.0697072 0.0639564 1.09298 1.6904 0.939992 0.260726 
0101101011110011
0.152182 1.49107 0.479413 0.663063 -0.591459 -0.0681063 1.0765 0.596483 0.573288 1.07737 0.921109 -0.180273 0.354996 -0.242546 -0.0316733 0.11463 1.43134 0.848574 0.671262 0.951542 -0.0457637 1.21319 1.05601 0.430425 0.719911 1.32508 -0.00398916 -0.259578 -0.458566 0.72074 -0.243524 1.32355 
0001011110001000
-0.341451 1.23116 -0.741992 0.369382 1.30407 0.737738 0.849124 0.982589 0.222508 -0.23728 0.694047 -0.055625 0.0443863 0.154394 0.872209 -0.299607 1.0384 0.793143 0.534393 0.342265 -0.185907 0.490971 -0.453578 0.719595 0.882256 0.34089 0.0336435 -0.0300685 0.900471 0.324584 0.348017 -0.390707 
1000011100000001
0.529248 -0.103327 0.507779 0.801369 0.155084 1.08868 0.695211 0.0687549 1.24205 1.41835 1.48688 0.75815 1.07268 1.4997 0.841125 1.42277 -0.311338 1.04588 1.03928 -0.17277 0.364681 0.2849 -0.206445 1.35258 0.407398 1.17702 1.79406 0.704857 1.09332 1.06162 0.926446 1.22782 
0011000011001001
-0.0512336 -0.514631 0.675922 -0.0757368 1.39851 1.30017 0.316966 -0.33943 0.704395 1.04839 -0.215167 1.23794 -0.0895368 -0.369744 -0.0845832 1.19722 -0.14181 1.03355 0.115823 -0.0386523 1.33567 0.0780714 -0.0904639 -0.363741 0.621089 0.352737 1.24784 1.1897 -0.303333 0.483272 1.34241 1.68416 
0011100110011001
-0.49316 0.829291 -0.704533 0.528269 0.627145 -0.107545 1.2402 1.58773 -0.183272 0.384665 0.028168 0.781466 0.417155 0.935517 1.45046 0.191024 0.6654 0.716585 0.0861805 0.881997 -0.114087 -0.38726 0.877788 0.591364 0.703595 0.350352 0.32224 -0.0645435 -0.0815574 1.14862 0.927049 1.12535 
0011110111000011
0.937319 -0.0718554 0.61235 0.348184 1.24872 -0.259882 -0.174418 0.763668 0.386142 -0.409502 0.259601 -0.234679 1.30575 1.40649 -0.172137 0.0835145 0.129672 -0.0216365 1.53027 1.0105 -0.251163 -0.177776 0.188982 0.44489 1.30691 -0.213236 -0.0703118 0.996238 0.100265 0.660126 -0.167529 1.32637 
1000100110111111
-0.489307 -0.327451 0.114165 1.04105 -0.0148969 1.12365 0.444893 0.10994 0.657656 -0.0498155 0.59147 1.03371 0.920825 0.892201 0.993293 0.366298 0.122113 -0.308107 0.195022 1.38385 -0.152424 1.28146 -0.488498 -0.226521 0.36052 1.33517 0.338536 0.0910661 0.139603 0.186205 0.221111 0.498581 
0000101011001001
-0.140679 0.806884 1.07058 1.41588 1.23337 -0.117918 0.585539 1.56802 -0.26457 1.20014 0.0613423 -0.344672 1.04099 0.441451 0.406892 -0.209076 0.536219 -0.0659161 -0.51909 -0.196812 0.387738 1.48832 0.0384927 -0.0704758 1.2808 0.387323 1.45627 0.688824 0.0552448 1.3056 0.800499 0.727375 
1100010101001111
1.19306 -0.0557485 -0.465723 0.102533 0.179868 1.37917 0.306704 -0.458197 -0.125115 0.114817 0.705964 -0.594218 0.163595 0.351329 0.019352 0.822567 0.935776 -0.167326 0.354721 0.44444 1.02954 0.174662 1.26423 1.71383 1.35875 0.980084 -0.201388 1.25592 -0.0102165 -0.188272 0.292039 0.988323 
1101101001000000
-0.326786 1.06643 -0.24649 1.17212 0.0899894 0.991956 0.999796 -0.0255038 -0.0257621 1.04737 0.486397 -0.471607 0.316544 1.55254 0.028726 0.709892 -0.255397 0.138356 -0.270135 -0.43543 1.22783 0.725814 0.125251 -0.344746 1.11766 1.09474 -0.00737 -0.208838 0.580886 -0.50083 -0.304133 0.4947 
0100010101001101
1.10181 0.729958 -0.0941346 1.25899 -0.126107 -0.565713 0.239261 1.22739 1.14335 0.033345 0.515533 -0.0480112 1.43895 -0.206844 1.15387 0.793984 -0.0299658 0.301128 0.920222 -0.511968 -0.350583 0.0821128 0.389607 1.0563 0.413836 0.504496 1.01208 0.924217 1.03185 0.0100736 0.824491 1.0966 
0110010111111000
1.2088 -0.150869 -0.100441 0.0652333 0.444596 -0.506692 0.408277 1.39978 -0.0688525 -0.418708 0.805116 0.160839 0.129798 1.41789 0.400001 -0.36105 0.737027 -0.232875 0.662172 1.34639 0.51922 1.43775 0.106029 1.38073 -0.00782543 0.175956 -0.198817 1.37838 1.34984 0.27104 0.596501 0.280985 
1111100101000101
0.852233 1.08529 -0.0562043 0.546683 1.07125 1.65694 0.767076 0.304423 0.92563 -0.416199 -0.0978666 1.45625 1.2707 0.735868 1.52167 0.0700016 -0.519904 0.649766 -0.204439 0.499513 0.881386 0.131975 -0.296755 0.856066 0.891886 0.467764 0.991784 0.918798 0.254505 0.077934 1.01843 1.54618 
1000110111100111
0.301539 1.0794 0.0922105 0.715051 0.627422 1.07208 -0.0136488 0.0030424 0.53383 0.327017 -0.0274571 -0.111397 -0.403032 0.6964 0.867826 0.47107 0.889735 0.791189 0.460055 1.14013 0.540365 0.583807 -0.500728 0.366957 0.907028 0.918309 0.970585 0.559185 0.954587 0.345275 0.0103385 1.37663 
1100000100000111
0.0341243 -0.143291 0.817506 0.960322 0.683259 0.426079 -0.382213 -0.131085 -0.204313 1.16288 1.30241 -0.462431 1.03274 -0.201019 -0.000491083 0.680186 -0.318732 0.471924 1.15681 1.01997 -0.0680744 0.182199 0.569184 1.07724 1.51639 -0.0342172 0.315384 0.631303 1.03995 0.2414 0.443403 0.369122 
1010010010110000
-0.46827 0.809954 0.980754 0.34118 1.00498 0.758993 0.0332951 0.0252278 0.962567 0.490289 0.157665 1.08067 0.927631 1.02764 -0.199332 0.0494115 0.100745 1.57543 -0.224871 0.83923 1.21314 1.69119 0.788356 1.34373 -0.101485 1.24611 0.142823 1.18092 -0.201589 0.475374 -0.587765 -0.00645995 
1100110101101000
0.277531 1.082 0.100786 0.530615 -0.0775443 -0.0576389 1.68887 -0.36395 0.992104 0.895728 0.918675 -0.380291 0.0911142 1.10333 1.15046 0.638156 0.95889 -0.344684 1.54221 1.57488 -0.080941 0.0360158 1.8755 0.273009 1.195 1.32361 1.16221 -0.080853 0.820105 -0.395087 0.12594 -0.493903 
0101011001111101
-0.271572 0.751006 -0.669032 0.48551 0.919515 1.11323 0.261901 1.53271 -0.597324 1.49598 0.200269 1.26222 -0.312539 -0.11988 0.266495 1.25019 -0.605831 0.234379 -0.490934 0.914283 0.110616 1.33625 0.980778 0.892942 -0.331733 -0.224903 1.09539 -0.225034 0.623207 0.217724 0.776297 1.10635 
1110010011111101
1.01725 1.2845 0.565392 0.136134 0.210778 1.1234 1.32036 0.769225 0.04644 -0.241617 0.60789 1.04691 0.463286 0.682301 0.817982 0.826032 0.334086 0.120284 1.01991 0.300712 0.427798 1.33301 -0.123061 0.453112 -0.387794 0.390101 0.905001 0.158661 0.920129 0.207682 1.16339 1.25496 
1001001111101111
0.685157 -1.02953 1.40179 0.89545 0.628497 1.38756 -0.83037 0.84103 1.4678 1.08687 0.773047 0.957165 0.56733 -0.0465969 1.0415 1.39097 0.6806 0.954449 0.553254 0.337015 1.2071 0.101059 -0.790884 -0.0934423 -0.121622 1.4846 1.38274 0.919894 0.0892138 -0.550175 -0.260664 1.06643 
0010001000001110
1.06419 0.865209 1.10927 -0.254593 1.1969 1.13923 0.346601 0.26296 0.390956 -0.103089 1.15889 0.177489 0.0488052 0.0755829 0.834403 0.43161 -0.288277 0.313018 0.629877 0.428085 0.158047 -0.177866 0.558837 -0.535001 1.04553 1.06572 0.731442 0.327583 1.03093 0.743863 0.720767 0.0918453 
0111101110011100
0.0893643 1.03412 -0.340631 0.238091 0.017578 1.00164 0.139776 -0.270979 1.10553 0.92712 0.0642062 1.61081 0.377694 1.58658 -0.0121174 1.04654 0.420146 0.176525 0.0866985 0.0102468 1.28824 1.19704 0.479975 0.567359 1.27366 -0.380056 0.44834 0.519071 -0.0671533 0.982555 -0.0468521 -0.339492 
1000101000110100
0.153391 0.733757 -0.339524 1.05768 -0.229131 -0.682282 0.249397 0.109361 0.166851 0.964987 1.07658 0.00354338 -0.204861 -0.11684 1.23577 0.756239 0.324507 0.776155 -0.600355 0.239191 -0.134545 -0.17739 -0.345387 -0.221877 0.966866 -0.574889 0.568974 1.44932 0.504843 1.05434 0.260834 0.0262284 
0000110111011110
1.50564 -0.720329 -0.0780973 -0.121523 0.148859 0.252962 -0.138748 -0.525074 -0.0298527 -0.201367 1.12382 -0.102905 -0.171947 -0.0950257 -0.272479 1.05208 -0.642006 1.16814 1.79989 1.1556 1.46829 -0.0127009 0.682639 0.588234 0.863599 1.44978 -0.110342 1.90159 0.430914 1.63931 1.06805 -0.679108 
0001011001001000
1.04871 2.25059 -0.488416 0.578418 0.677154 1.01454 0.948709 -0.0873431 0.53764 1.0721 1.51604 0.087356 0.0952105 0.519423 1.39879 -0.178189 0.349317 1.00255 1.58174 1.00381 -0.18392 0.670482 -0.0568388 0.103769 0.191284 1.31741 0.087421 0.00963658 0.533525 0.166643 -0.576578 0.274976 
0111010001101001
0.430293 1.65204 1.45449 1.37002 0.165078 0.427879 -0.0298135 1.58488 1.68989 -0.362748 -0.379497 -0.0878353 0.364371 0.0586858 -0.204419 0.597939 1.56506 0.789864 0.872958 -0.173514 0.104537 0.997305 1.5519 0.818959 -0.268499 -0.402209 -0.751833 1.18355 -0.233948 1.38726 1.07794 1.07914 
0000000001011011
0.473495 0.964229 1.27707 0.229232 1.35185 0.802699 0.14426 0.593819 1.04517 1.15334 0.7173 0.501799 0.866863 1.26591 0.162378 0.812948 1.2935 0.560563 1.10155 0.284751 1.55803 1.67976 0.57442 0.868467 1.03345 1.46151 1.3896 0.0259908 1.12727 0.259135 0.153924 0.950214 
0110001100011110
-0.480375 1.01128 0.191265 0.336822 -0.123386 0.986738 0.0505852 -0.379587 -0.478217 0.110544 0.566697 0.0203463 0.348643 -0.38734 1.03043 0.48318 -0.258808 1.14571 0.983211 1.32425 1.1086 -0.51549 -0.133696 -0.257108 0.298817 -0.610012 0.44261 1.10787 1.15663 0.721195 0.865414 0.0408822 
1001101111110110
0.651234 0.472422 0.103119 -0.313549 -0.0617263 0.77984 -0.165492 1.21278 0.392625 0.022233 1.49638 0.00452816 0.175959 0.0453739 1.02704 0.923663 0.10888 0.928817 0.834931 0.465995 1.09076 1.2706 0.776928 1.01507 1.40867 0.387815 1.05236 1.08748 0.0386133 0.996053 1.31725 -0.11105 
1101011100011000
-0.165245 0.812927 0.756248 -0.241729 1.01281 -0.351767 0.663719 0.991621 -0.115877 0.250983 1.31639 0.109761 0.232509 -0.32311 0.966696 -0.206728 1.1373 0.987416 0.550118 -0.507405 1.28492 0.364452 0.773583 -0.300478 0.458226 0.814996 1.08197 1.41665 1.15432 0.045849 -0.255014 0.158054 
0111000001001111
-0.677904 1.28202 -0.364683 0.41115 -0.212662 0.67278 0.606184 1.15778 0.122634 1.20926 -0.373567 0.277083 0.234395 1.1697 0.601773 0.456118 1.41796 1.2576 0.551136 0.623197 -0.760603 -0.204308 -0.217829 1.19609 1.29209 0.717874 0.139585 1.35735 -0.0164109 0.24997 0.15102 0.768977 
0100010100011110
1.07522 0.0556831 0.889073 1.14015 0.0735934 0.885058 -0.0917258 0.120387 0.710962 0.457414 1.04043 -0.0995862 1.40307 1.04214 1.14631 -0.0320963 -0.238551 0.772401 -0.563083 -0.0073055 -0.26943 1.18113 0.00530547 -0.285769 0.0305535 -0.02186 0.324867 1.12778 0.747161 0.809074 0.755991 0.00915968 
1001100110110101
1.09408 0.327278 0.175709 0.605378 1.05434 0.435816 -0.563802 -0.0683149 -0.328136 0.239735 1.06355 1.24244 0.308914 0.679769 0.609901 -0.154003 0.318018 -0.23911 0.705126 0.9123 -0.530523 1.34946 0.710544 -0.32863 -0.0476987 1.02055 0.327255 0.289731 0.14524 0.115647 1.02041 1.41429 
0100110111010111
0.0383425 -0.187255 -0.0963886 -0.105277 0.247367 -0.219847 1.03794 1.06985 0.94308 -0.186024 1.21204 0.0643211 -0.222663 1.04968 1.57204 -0.00587869 -0.235811 0.1822 0.45493 -0.0882887 1.52566 0.357538 0.147604 -0.671784 1.479 -0.0291709 0.699677 -0.052799 0.851608 -0.167309 -0.0725899 0.835291 
0001010010100011
-0.400479 1.38392 0.0290044 0.517244 -0.191466 0.404052 0.344017 0.25251 -0.560008 1.50888 0.260548 0.573525 1.07306 1.11731 0.877357 1.14878 0.519359 0.869106 0.904713 0.830135 0.831491 -0.457047 1.47295 -0.499181 1.51773 0.651935 1.22545 0.498641 0.0332406 1.03909 -0.114769 1.22534 
1000001110100011
1.09842 0.0149897 0.118291 1.03927 0.386574 0.278068 0.935353 0.920848 1.10258 1.24756 1.00723 1.12231 -0.0324852 1.40345 0.10692 0.763212 -0.0331714 0.549069 1.05877 -0.158185 0.947286 0.918523 -0.0609324 -0.193542 0.771526 1.17399 0.843065 1.0322 0.198205 1.09566 -0.0794926 1.4565 
1001011011110001
1.32253 1.2329 1.04485 0.877578 0.765689 0.211402 0.238079 1.00268 0.671857 0.421072 0.0568903 -0.261824 -0.102617 1.61401 0.203068 1.05428 1.58259 0.36476 0.867327 -0.41509 1.28192 1.21665 0.174216 -0.0419487 0.145411 0.17326 1.00208 0.102913 1.00557 1.14498 0.955167 1.12598 
0111001011111001
0.414133 1.75219 -0.0187969 0.452863 0.0267867 0.457339 0.406723 -0.43144 0.0552513 0.663544 0.847968 0.586962 0.303109 -0.103189 -0.379233 0.930545 0.853105 1.3689 -0.362429 0.737809 0.206399 0.190557 0.105837 -0.0655996 0.735686 0.353983 1.25373 0.672124 0.411314 0.822851 1.05994 1.15677 
1100100111111001
0.385333 1.4307 0.721591 -0.0346925 -0.310741 0.0662277 1.31136 0.360111 1.59139 0.763685 1.22707 0.130694 1.23956 -0.266228 0.0667849 -0.221349 1.33868 0.153942 0.748 0.918646 0.617425 -0.388967 1.11063 0.186206 0.874049 1.27691 0.961777 0.0599024 0.129231 0.898201 0.580513 0.609279 
0111001011111101
1.19441 0.329977 0.646547 -0.15354 0.958405 1.18641 0.903452 0.12314 0.631571 0.454393 0.948908 0.625232 1.39436 0.613553 0.042611 0.602382 -0.165662 0.221281 -0.282907 0.510475 0.830441 0.133997 0.0155885 0.320376 0.340829 0.104415 1.31392 0.348731 1.01092 0.589006 0.549802 1.16099 
1001000001110110
0.890774 -0.104758 1.22449 0.24845 -0.298518 0.00434336 0.715463 0.781102 -0.204672 1.68457 0.35997 1.87672 1.21715 0.842742 -0.574031 0.511459 1.32957 1.21853 0.929316 1.26292 -0.540817 1.1765 1.31049 0.185418 0.96219 1.06546 0.61126 1.14731 -0.327649 0.555751 1.23541 -0.442911 
1100011100101010
0.0640274 0.408342 -0.243249 0.821146 1.14015 0.0946574 1.48698 1.03756 -0.357828 1.24455 1.07002 1.53687 -0.409045 0.0388483 1.5456 0.0645144 -0.46253 -0.16138 -0.286668 0.784463 -0.420571 1.32898 0.0928945 -0.342798 0.858566 0.666514 0.52781 0.332043 0.0746145 0.19327 1.49085 0.455983 
0111100010010101
0.241405 0.665058 0.434626 1.25656 0.718498 0.75453 -0.260679 0.620682 0.487323 0.124466 0.514179 0.0951374 0.498588 -0.140291 0.943335 0.279772 0.385666 0.298982 1.3674 1.4882 1.14739 1.18158 0.208622 -0.303646 1.33208 1.1433 -0.451349 -0.0395988 0.0587262 0.765343 0.618653 1.0909 
1110000100011111
0.609425 0.00690913 0.434699 0.454446 1.38077 -0.244116 0.515834 -0.29626 0.704201 1.00348 0.411015 1.41839 1.08677 0.702906 0.289555 1.17954 -0.345797 1.43033 0.0956541 0.487082 0.532439 0.178513 0.531882 1.16041 1.56282 0.529334 1.20955 -0.350264 -0.253538 -0.478939 -0.377761 0.717636 
1101100010110001
0.0676402 -0.0504098 -0.571233 0.169256 0.399734 -0.402883 0.826027 0.0117083 -0.179356 -0.183331 -0.276124 -0.216255 1.09805 0.0345238 1.63199 -0.153893 -0.254116 1.55536 -0.100339 0.531647 -0.23623 -0.177434 0.224822 0.0567586 0.776715 -0.192501 0.962348 0.19983 1.22551 0.415306 1.55749 1.46431 
0100100110100110
1.06868 -0.489672 -0.209282 0.951152 0.971717 1.43959 0.361414 -0.0658686 2.05749 1.27616 -0.158131 -0.0714094 1.39442 -0.592975 -0.281942 0.625221 1.44994 -0.0425851 -0.499105 0.474185 0.314867 -0.201301 0.442175 0.717001 1.16761 0.79319 0.11664 -0.0865887 -0.432569 1.16352 0.293524 -0.360298 
0101110111100000
-0.405665 1.24544 0.980421 0.217519 -0.0362908 0.246983 0.375458 -0.270561 1.09952 1.18388 -0.472534 0.591783 -0.0206792 1.37541 -0.258871 1.13504 0.990777 1.34164 -0.627923 -0.314943 0.257205 1.17386 -0.466067 1.34542 -0.229282 0.810241 0.183061 -0.0182918 -0.105132 -0.561426 0.113237 -0.378798 
0001100000101011
0.130853 -0.103212 1.13961 0.0082193 0.792817 0.0667539 0.178019 0.544339 -0.555942 -0.0797971 0.879257 0.209697 1.80792 -0.453618 -0.0680606 0.160771 0.12658 0.829982 1.26545 0.544773 0.493234 0.664115 -0.0867846 0.898576 0.272256 1.09326 0.908291 0.770473 0.704486 0.487975 0.0277889 0.852836 
1010000000011111
0.740233 1.24101 0.189907 0.745577 -0.267924 0.140839 0.914866 -0.440088 -0.163652 -0.366899 1.06914 0.0788644 1.25193 1.04525 0.106289 0.805529 1.42264 1.36758 0.217891 0.237178 -0.754192 0.0510821 0.183296 1.83637 1.09481 0.720378 1.50161 -0.393812 0.538291 0.0637531 0.260861 0.874368 
1000000011101000
1.46361 1.27266 1.09767 -0.443571 0.980528 0.562998 0.139055 -0.843633 1.15088 1.22583 1.05109 0.181639 1.16397 0.21662 -0.0887854 -0.760073 -0.15357 0.472654 0.0612841 1.1038 0.318328 1.32821 1.00347 1.12765 0.0415475 0.984164 1.11249 0.187638 1.31603 -0.334108 0.263319 -0.3481 
0010100010111101
-0.230956 -0.0974087 0.492658 -0.223988 0.0329397 1.26114 1.28414 1.5114 0.638125 1.3893 0.382932 0.938124 0.800758 -0.228874 0.32596 0.397489 -0.379411 -0.132646 0.12884 0.450092 -0.439888 0.578824 0.656333 -0.526809 0.731931 1.03279 1.07518 -0.0428241 0.62184 0.339268 0.566981 0.28168 
0111101101010011
0.621927 1.13631 0.691574 -0.301139 0.577541 -0.643293 0.997787 -0.33545 -0.504775 0.495978 -0.0274145 -0.130928 1.02327 0.54554 -0.226923 0.0179408 0.0290715 -0.0386373 0.171225 0.0658124 -0.30606 -0.134813 1.06713 1.11915 -0.0273606 0.747946 1.1477 -0.312023 0.224723 1.02077 0.187081 0.459802 
1100101011110001
1.26547 -0.636232 0.597428 -0.113459 0.943725 1.1889 0.694943 -0.0557817 0.369245 1.489 1.24828 -0.108297 0.742646 0.222972 0.0878357 0.029421 -0.171102 1.20674 -0.171069 1.37703 0.608608 0.721443 -0.00548369 0.247819 0.168073 0.654658 1.02686 -0.36674 1.13983 1.03942 0.963598 1.03285 
1111010000101101
1.25618 -0.207775 0.123779 -0.303121 -0.320362 -0.139153 1.1795 -0.284929 1.26333 -0.213798 -0.243427 -0.339035 0.619669 0.47182 0.19515 1.31462 0.720738 1.70168 0.386233 0.121267 0.702131 0.104513 1.141 1.04245 0.174955 -0.0928711 0.319507 1.5276 1.47492 0.242931 0.786261 0.981222 
1111111100010011
0.988894 -0.107121 1.00394 0.320108 -0.0596583 1.31232 0.170848 1.2079 0.971365 1.23413 0.251049 0.297557 1.00841 0.647552 0.269882 0.155798 -0.130402 -0.078693 0.568266 0.699148 0.0151851 -0.168889 1.17905 1.18702 1.28399 0.444422 0.612077 -0.695086 0.0382563 0.955428 -0.449416 1.02942 
1100001010111011
1.33599 -0.399684 1.48985 0.655082 0.278115 0.0289039 -0.0536436 1.17694 -0.103721 1.19531 1.20204 0.951035 1.02159 0.599167 0.254017 0.687912 1.09566 0.278798 0.718951 0.972712 0.771792 0.631841 0.404289 0.0553418 0.957246 -0.414922 -0.366794 -0.329293 0.898805 0.985653 -0.0817527 0.964694 
1101010101001111
0.128618 -0.457687 0.820118 0.0240136 1.22353 1.01599 0.724152 0.252859 1.16599 0.146527 0.262768 -0.130331 1.39298 0.0731475 1.28966 1.14379 1.26331 0.0649113 0.0997863 -0.0475469 0.920631 -0.224215 0.712576 0.718996 0.669444 0.574165 -0.200314 1.22208 -0.0684115 -0.159434 0.075721 0.826933 
1100110111100100
1.00074 1.18962 1.22938 1.02502 0.954599 0.846193 -0.0335332 1.14634 0.607666 -0.249612 0.830686 0.264997 0.152704 0.0351573 0.741195 0.691312 -0.579415 0.505757 0.0711698 0.0518211 0.959514 -0.0443608 0.260454 0.495618 0.541965 0.330989 1.28108 -0.297165 0.973086 0.444721 0.265085 -0.0696298 
1000101111100000
1.35188 1.40266 0.744304 0.379387 1.28687 0.267572 0.0124334 1.50934 1.34088 0.417949 0.0498674 1.4087 1.37001 0.628298 1.08048 0.70526 1.65882 0.434087 0.844558 1.26345 0.781783 -0.227901 0.351444 0.913055 0.591592 0.268839 0.441719 0.250539 -0.0363776 -0.360275 0.297284 0.224907 
0011001000001101
-0.223797 0.159696 0.269752 0.719144 0.380897 -0.335488 -0.0366545 0.987302 0.63952 0.887898 0.0816545 1.07155 1.02686 0.799685 0.0419711 0.970949 0.383402 1.4085 0.901304 0.895745 0.372011 0.605295 1.22303 1.15231 0.63575 0.171967 1.41694 1.14888 1.45994 -0.0213888 1.20777 1.05944 
1001101101111001
0.524056 0.107528 1.23606 -0.319078 1.05628 -0.00892568 1.16017 0.942877 0.710232 0.0126263 0.484048 0.883371 0.257712 -0.209376 1.05738 -0.38336 1.06344 0.163933 0.205188 -0.173194 -0.0991287 0.280794 -0.0236459 1.10591 1.33057 0.741853 1.22316 -0.248043 -0.36913 0.697206 0.671569 0.345282 
1100011101100011
1.1197 0.497846 0.963126 -0.221705 1.07735 0.825115 -0.554462 0.352015 0.852984 1.06577 0.227662 0.0627097 -0.420571 0.837398 0.231008 1.29383 1.20844 -0.138825 1.3212 -0.0731599 -0.280239 0.243703 0.888867 0.908534 -0.519429 1.07743 0.475134 0.958978 0.0113407 1.08857 0.301463 0.849812 
0001011111010110
0.470479 -0.0710217 0.150604 0.831232 -0.233915 0.763798 -0.110017 1.27025 1.08107 1.05311 1.27981 1.19219 0.928885 1.60004 0.253956 -0.374442 0.373154 0.325215 0.825777 1.07824 1.00491 0.835278 0.782417 1.00004 0.226286 0.696117 0.182303 1.16525 0.349375 1.22503 1.08389 -0.567442 
1001101100101110
1.0017 -0.0341196 0.258244 -0.00113338 0.11979 -0.120559 1.34913 -0.188487 -0.522124 0.194622 0.394173 1.06264 0.897785 0.187491 0.913577 0.983364 0.372168 0.427953 0.192892 0.0404406 1.16272 0.465219 -0.0618433 -0.389842 -0.27509 0.839259 0.288482 -0.513826 0.974643 0.988025 0.572804 0.317582 
1111011101001010
-0.689892 -0.00231421 0.0710187 0.677675 0.922037 0.590267 0.115645 1.17484 0.178418 1.3661 1.24046 0.84966 0.3402 1.39775 -0.187939 -0.145416 -0.347965 1.27799 1.32163 1.58832 0.876683 0.990919 -1.02343 -0.0925525 1.08106 1.31778 0.48355 0.0207464 0.315486 0.495847 1.23146 -0.0243848 
1000010101001110
0.361393 0.531728 0.0724656 -0.116514 1.20134 0.0494924 1.10669 1.11933 0.578098 -0.168456 1.18657 0.05921 0.867156 1.05331 1.17667 -0.0642048 -0.413691 0.792952 1.36625 0.953913 -0.185206 0.635576 0.29618 0.687709 0.369186 -0.205394 0.49417 -0.36881 1.74331 1.16004 0.814974 0.0295169 
!
